779942
295002
661739
344118
219643
846173
271343
385390
329791
134646
428161
246902
385048
948085
636724
654604
609703
873784
338586
777808
710829
729336
666868
609357
896345
983912
143188
863431
828216
382708
889400
608157
677709
551138
468627
897352
397311
739969
799093
243453
874614
227253
6707
776013
691689
643430
946968
301392
517214
801905
595551
744394
531240
262418
870102
427584
246330
13290
807367
74545
395997
696766
199053
590057
247904
184031
487408
161566
440351
286501
921370
831316
30105
928076
607328
721794
571506
554295
539537
605071
356199
135087
865816
403791
913857
735918
831374
160186
265559
638740
751082
177907
335506
466486
767963
99761
166869
771723
777678
607219
58223
699047
438535
604679
143475
562214
842824
231332
632861
382360
352754
505411
33799
218569
909201
947655
954486
740575
624192
736396
895666
891625
914302
231171
874462
682265
847283
41330
453987
141312
648549
28561
840359
603435
149591
500185
165648
992415
731516
314860
374774
84269
820271
924924
819189
729471
872578
290027
986397
13121
26422
882063
904745
940724
629585
779207
139340
476868
336888
109678
618179
985436
654590
974889
105222
804180
991425
787222
796594
722940
102081
687720
323560
922351
612643
142749
168174
485221
432775
154570
14693
459196
36632
919438
916271
666217
214996
571962
659436
551883
681639
793966
53671
852580
285207
158892
656760
276631
946113
453353
515923
564546
657424
839482
486896
270067
498582
655069
271639
931356
325991
286331
906904
362622
205768
339526
545190
937115
911488
204625
488998
109478
514943
59020
962058
800149
217911
618817
76779
680376
588521
592701
244921
245945
948535
248168
32363
447116
419589
304001
894824
745579
590331
318079
108200
312451
657604
169742
249565
85443
374366
254914
194921
405660
313933
673330
205808
48196
292146
798939
728571
397018
907991
489843
159314
856525
254362
191676
819993
673950
495676
231168
935880
86007
549246
44080
398457
206849
730173
164373
808644
620890
419287
3564
26550
249571
676893
232357
297766
485390
547647
26336
398759
455638
32530
558073
828514
286892
749748
648506
477193
761776
879673
413073
847782
428918
973504
762590
152119
703676
443314
960762
324565
862600
480677
351114
112171
673921
99823
409936
159310
647469
952624
558068
619458
501505
632492
447972
788396
898592
96477
781941
660367
492502
195013
24500
437771
168516
303441
106241
872191
746754
67002
713107
125706
64030
64221
237876
737950
680395
164163
413611
844215
633138
488031
463673
134643
120522
911644
439390
19113
524472
221330
195831
16973
416342
220330
971096
101209
523770
77336
973399
270524
660690
686506
396229
724719
267078
150456
979021
947472
830970
392631
308038
464108
397013
771710
115102
33887
683353
70843
569351
724177
808525
765182
741149
741218
985511
712244
842427
25633
305932
332177
812508
966621
18682
725088
691339
802111
875543
186711
265934
706512
579342
573972
686971
492706
345681
318424
526592
545386
905619
95943
269562
714143
861124
527062
971712
362986
755658
814138
388618
61589
662667
717477
28209
197700
442564
235899
999811
318106
422610
782096
540970
518303
356067
744292
11008
218100
579068
53952
763485
1038
149894
549398
715180
527369
592811
203243
890354
348468
533733
795324
926408
196399
512800
470968
394098
471716
223219
910260
789821
645828
692356
847142
680482
564774
107786
207841
782873
686853
261792
62709
687890
411685
612106
919421
455405
204917
639015
345759
69736
172747
657434
512496
885497
686585
983463
795947
158300
206681
706206
464473
368860
914913
827966
565693
479687
935751
773534
262559
138955
35325
325268
343196
963362
453725
778968
418766
658641
934335
280876
244729
107081
938309
757224
992578
141246
257038
304876
815897
463719
11081
280369
348930
925994
624687
914623
922032
76789
204508
184590
215744
239832
26209
75291
203193
479934
370611
138311
138574
304945
419186
899654
928377
873847
656877
437306
15092
913915
742181
830988
893985
753262
627709
759266
195607
768747
190240
117638
845535
394747
818579
577630
634579
844788
652921
354123
324721
539883
8785
979646
844827
427971
879300
773203
301817
52528
210509
833260
966442
952689
180599
376778
222302
324659
136044
934260
93405
326283
568249
938940
237382
386828
516569
388312
747967
685841
742434
72687
742075
267571
568684
586901
695541
447983
876456
513709
500511
603316
863320
983304
72356
43918
876434
811010
884929
12477
745269
978333
855111
829870
433624
92492
216697
466545
480803
964663
668737
739589
553701
410812
7159
122384
514064
219051
86719
906871
249111
587229
26538
112430
86884
615246
672699
963317
426255
73979
492145
687875
568664
863608
517744
2287
472451
250792
985183
469606
731806
170272
725546
801858
581083
249056
924242
611498
468106
10960
34721
233568
114540
61258
345997
717775
676503
535047
197444
619109
609026
689588
306984
694041
69547
341079
696327
541998
108223
197862
527955
840028
368133
253500
641886
465567
502555
82479
593416
970660
93438
628136
720579
724329
205746
66575
442103
398600
117973
155898
17709
243350
361838
841044
937390
431384
182122
150069
489733
290344
347930
17687
646724
232414
271186
804961
697980
773740
887439
291395
260751
497228
435883
981329
737908
641628
564255
696362
556579
198580
852260
574287
441929
214097
931682
895671
645480
630156
562091
135213
436851
426372
669251
83574
658785
940437
888534
873116
230528
292324
164510
491279
789551
116744
988959
527458
274723
553214
223820
831302
268145
76079
405588
226425
290175
337270
122095
452006
967425
200537
103570
404275
626908
772821
4201
285692
713257
409086
158807
460136
701410
839669
951414
490960
956412
456725
534770
747487
526290
274941
578788
794434
351019
984375
20858
157545
837996
659305
125902
321772
859841
229472
242399
3101
2292
762951
288792
231900
172036
963951
692035
389797
319971
159801
397109
792734
132877
931878
540220
659166
206818
119007
453599
74188
619734
990808
748084
974081
650112
873985
812205
26305
619808
570955
29405
622099
333905
318196
370350
22292
798498
578737
412089
634820
254889
809197
427554
387765
257426
967773
46930
980595
603132
16880
571134
222865
7687
319217
713297
657799
709553
525501
684103
329361
96455
713507
467811
946711
548054
354513
969003
862904
449601
897443
497723
704489
222991
441628
92253
996768
409401
655534
977362
528884
672413
64847
268100
680099
900415
981396
854249
609967
506897
538351
455679
119703
768209
439842
582766
832615
310706
551768
211870
760306
965562
709592
464794
188552
151220
73398
185319
76972
245283
679032
605855
917695
743878
873954
114145
644292
371701
968394
770610
394949
23096
226289
514652
307657
182482
97417
656623
493187
165536
868492
253492
131097
578083
234637
836000
245654
824386
537670
838977
586020
216701
961183
503714
960578
835136
134210
121221
723189
102603
891830
118137
642051
118118
632788
949707
816951
246556
606329
310137
928443
991172
79980
575891
85606
830968
411890
331260
171705
465911
686588
757724
682611
647771
777789
159540
999258
911999
280760
722446
530953
172590
840583
173003
807059
989722
639061
624010
752630
761741
450498
681072
752912
46830
256963
838518
877797
185204
686129
49502
651115
372716
323577
850077
20486
101366
9617
19744
13364
290376
258541
60668
979317
99123
233671
786376
605197
389083
926737
357826
150824
377234
38897
903735
424063
812211
258604
818212
997415
944732
384065
164881
317448
707641
14957
854285
809006
24573
390380
338721
831301
648921
399389
810617
264395
149411
596992
869591
538493
523728
227416
689316
417314
266313
109403
841376
78523
368006
659587
592289
829090
43651
273521
146537
267644
288478
517173
593001
829402
907553
931722
177054
556473
331110
987671
337219
996872
101014
206810
535364
141094
434225
741032
558407
216889
366786
916134
811764
734791
575721
404052
80232
135723
193925
743120
919718
482402
260293
512719
828155
167845
444440
5209
240669
291901
509231
577887
805124
610244
784696
340487
751337
735273
597870
309743
952161
964655
225877
763924
215798
317949
684328
296029
970023
878252
39149
406093
360653
299441
918811
705159
983637
879602
226719
224305
687854
735949
318543
492977
346193
619591
833463
97529
354863
431333
923624
307023
395987
665852
587299
128136
500152
271626
424165
470174
149877
463313
876266
26881
279105
311428
732039
262741
191029
958758
3397
878882
694706
838291
371858
557250
457881
721673
654779
329095
669357
94754
152470
581695
760605
739768
709831
260756
11393
650347
247281
161269
113659
639899
704501
909115
951326
436539
688207
658707
911648
691603
53940
122706
46245
942150
679955
504126
663822
851085
349572
849530
945838
502041
947576
222794
241808
173758
999901
253200
824104
247182
930820
454114
403432
635320
363228
354757
588211
51434
529815
16210
259388
583755
138915
305633
525904
335222
326110
706077
186306
675681
555606
132144
177722
19533
871289
419529
193291
871190
189081
17394
118371
636252
471508
521802
787924
351087
392910
376134
402521
439077
908695
178260
22831
47610
483892
65086
382831
326353
771162
85488
2034
843119
217631
696107
862651
88920
631987
55941
476461
337419
73335
594831
973671
61194
632984
761594
412280
542245
654079
331152
497673
79125
509412
520503
126734
509655
585588
25916
352360
356749
111404
354393
716219
845386
566851
578870
450657
198837
634810
927117
536256
224496
38299
26278
802041
187634
304223
214321
246231
474653
61824
743903
553777
87587
780758
196863
113594
366345
222778
465953
239446
850533
336697
955664
212271
903547
50885
179279
102383
202047
106396
154990
942894
661046
181267
744935
365032
485489
475607
611262
960141
537430
355164
513918
141369
135921
710780
254962
18618
449909
720914
774415
816794
57610
730078
29064
961156
297315
208342
63538
499361
831089
218528
442254
8487
916146
187188
373518
401635
662794
984779
361775
716576
856294
875692
857944
992215
102823
112905
527184
552732
833818
301598
369525
407779
31675
914940
368934
328989
639633
948823
344701
470722
683702
786955
479208
599848
490494
852725
1482
669640
353855
879608
386215
210148
271652
760510
202362
374474
389766
729545
443557
739935
31142
329433
147713
579169
244372
516646
424509
884005
981820
285562
871078
665522
72516
866637
265369
79361
719361
783202
749000
589567
179161
651566
799714
450812
412075
518428
825286
801840
247972
785194
58126
795466
114627
205838
890986
875350
238835
831846
275706
220655
117407
146783
886176
706274
529771
667896
785635
765483
967449
50986
355049
146609
702552
154763
597421
114626
673190
939058
432818
437513
724251
490943
749330
355229
213133
156667
230579
451967
988513
22636
672621
622271
169419
558796
844897
215541
743043
146883
981024
710491
197868
336072
373452
900419
490834
487224
531397
680375
942633
480566
117888
183235
971508
867217
538464
700992
540236
285394
152959
45100
308029
825579
183722
993799
900727
28618
209340
160121
691852
190363
386964
889720
42786
760415
306490
533620
763990
837886
730346
706622
318451
848233
889856
806311
231802
428319
507302
772037
230064
176612
333488
538093
2191
517209
48243
419269
545827
257582
579389
237678
964296
966352
643749
523434
243118
950239
573405
7107
788124
303750
713728
622927
151983
603584
429237
900136
548254
452890
188524
778318
629502
522011
832762
148044
39219
881004
567312
101397
654938
663052
855427
135585
145756
499175
659018
388873
449413
232422
912332
753889
536172
142411
376815
204506
262346
806051
620993
810600
775292
809516
105269
404793
847878
938030
552836
403448
335385
636499
504845
990322
299551
360271
642259
445306
859445
301276
350530
825210
50050
779213
579098
586221
921624
955912
307078
700321
278314
928070
27272
53605
253937
132540
974750
101814
586921
43937
505261
922306
680436
526457
428979
979986
886727
587589
941643
262524
405217
808524
604085
455266
587737
183182
557838
25712
655445
864915
726032
450110
309336
753304
503714
563272
402195
994815
181437
989116
38752
203049
427773
719187
245858
373103
215524
648936
960692
157166
427811
365908
482041
31895
337525
69777
731428
895362
95488
386872
276628
337872
836981
585963
91175
857047
665586
9721
851861
363374
998836
890612
82774
942960
126150
328631
316063
341673
977567
793106
15190
405377
675365
497231
953624
12889
83359
685051
424602
695199
71923
701229
33070
425255
803543
640596
282301
985480
650316
134162
348853
165504
541125
947978
108463
667275
276609
940877
525299
770527
250334
540489
692255
442050
554071
645878
971290
637429
330929
395891
332627
919203
613471
882048
344457
417013
522643
626758
918844
689311
277271
784048
854814
818395
732026
479628
2021
524986
936857
527320
295512
187190
584160
987766
629240
138230
149996
600529
775658
480924
512772
624637
400126
126242
506684
260934
59607
545679
887691
978450
234989
681313
762498
606154
499708
494523
602133
18080
19508
538989
545399
831371
242531
645910
335488
388122
784139
485483
505002
76149
966406
17773
700785
882883
660367
723820
143817
719973
785850
547859
214774
537190
229172
977271
143343
245231
988145
261828
263310
524004
800816
325061
355374
559698
970970
690862
947819
271461
692696
452821
347609
659102
986945
564745
58336
647311
804916
718504
367283
590766
266363
582057
127955
11886
75679
787650
257116
580176
49477
520425
104179
366644
361837
975905
926342
849159
666766
390512
120619
359461
359684
984579
534914
346629
549323
109602
993939
870590
828105
877574
461355
610819
975982
105662
622704
568012
409663
879819
148187
975491
916596
768718
342134
794784
744622
784827
643942
927739
691691
764560
287199
51374
265490
338465
914354
331164
964418
424645
201754
792522
818570
179460
919693
310903
801473
542396
878914
211135
938567
543453
186625
371514
312170
45111
166297
56791
346289
810239
984529
37979
91150
788079
605705
356640
642895
520058
687803
607312
461054
405908
916186
279623
585368
352230
590525
903192
894625
985791
114327
349543
45595
817303
721056
357764
378765
887353
930906
725054
213943
431786
279384
305092
736216
885088
178083
895463
921498
382238
502774
898903
788145
935311
178526
889864
287540
285402
793056
698517
787544
423734
48059
833138
757388
769115
190901
136153
172819
638158
861206
386761
69943
140589
691852
322511
542029
386287
217973
979878
768524
237098
878780
73020
172409
573657
962884
976300
859059
272291
191168
162954
212376
239227
996092
969763
524693
703344
105915
697511
341502
967120
84271
927796
624061
292474
250306
682441
195112
468278
662318
963635
705376
541097
553007
394136
114754
515890
370435
490164
304532
561603
653117
516907
317181
165560
486669
841873
868904
592584
55735
726757
76055
656357
654552
216467
465182
904858
898907
660294
373135
77576
140280
594862
618673
693286
988997
249778
725527
875784
256293
546410
953738
425761
63316
270918
591321
66337
629142
976576
175272
684876
703332
767678
857584
357883
984145
322765
779092
399403
499410
668579
476979
156042
263440
612003
849327
252437
861780
91206
644572
634424
637615
598309
60184
700931
869226
651504
283619
14719
144431
458890
215946
847762
226567
73529
205645
727063
912645
984736
126466
928407
653314
603444
84448
433106
215446
933774
685542
593577
541331
330113
744352
178946
444773
804535
396228
313998
972391
679846
845068
116821
655087
61013
964583
881653
650893
686579
608716
563537
187666
251533
491943
840980
371328
92742
790437
586773
26516
475978
696701
84198
322442
441052
263143
767214
761938
175722
597563
734328
371919
958982
367501
27005
19994
848435
908658
670886
535013
33725
750774
722678
285257
759069
80009
656584
851810
870445
759708
394677
862774
972760
478875
701567
930163
258369
985132
208452
434091
99046
459132
322361
58027
826632
349366
78020
675066
774375
265257
726430
324451
532383
965459
126059
807803
45468
782642
659612
432264
58701
570641
811390
547812
49515
512956
994326
824235
498088
202777
774677
597133
661908
97038
171512
488539
446403
249531
679956
737129
31140
922737
61579
563522
888196
187637
371324
450015
486630
547287
882278
61682
117927
210019
609493
683793
722975
120170
24380
737414
322946
799056
850898
984854
896093
22409
989744
858847
788292
186052
595975
819431
108788
657553
899304
996983
845189
270627
446997
331818
334265
845627
393499
968544
55645
519343
652336
294971
639512
676715
32384
478810
992123
399634
980015
404567
422042
486110
263414
210333
672161
375740
546115
297301
33293
445418
810635
394833
232396
773984
243003
566661
619610
636501
535204
191606
672196
703891
2929
311707
896958
35312
306868
889080
951297
286882
293646
373339
772992
73411
100023
445152
449151
646138
742452
998795
91555
69439
393627
323951
843422
636629
406963
463031
789482
942166
170988
461677
162408
173916
289735
59365
725580
596603
464796
676876
883484
274794
566566
656475
348204
666589
617979
313706
312726
876782
312500
920632
946220
222479
244582
789641
375459
651544
769023
164940
110061
456363
142968
788821
146630
949055
848185
872209
545657
829333
65437
945492
104126
632002
118319
968681
298590
252649
282387
127667
645782
111238
48299
108354
850068
809232
897994
225527
460776
183369
906818
87188
156083
49786
876008
302712
515192
240545
691273
577200
69877
756709
39043
690354
905062
157361
659034
203652
926361
457772
847670
572143
85362
895968
680496
935429
705200
94841
677307
682327
794561
584125
285866
466995
150262
161874
769707
665453
402418
460979
759004
988646
734039
798046
678999
639100
471759
854384
359103
398119
312156
206773
486613
913869
619092
167108
849297
840643
778301
42956
39321
89213
627080
325187
556208
293693
3412
325914
475497
922181
303244
234500
910826
553634
548897
589824
192733
20655
444207
68188
935126
272714
791312
421738
186582
926755
105198
552231
767398
883498
595186
323070
972710
738617
164608
45269
548661
168019
371182
24157
90199
190777
775008
517376
744410
840256
107199
453495
860911
67758
521682
796036
856823
829345
217773
559757
756099
322970
111987
39848
722819
223524
362918
211881
478492
43877
257149
27152
211896
144683
567660
818446
335459
859019
335822
596221
699274
959372
49715
76536
543481
87748
872571
916656
917092
606696
476412
673190
446017
588398
229390
685188
328273
592307
897068
806764
636183
670568
350267
364430
815250
434278
699228
667061
293296
551401
263281
508921
510772
829347
585457
570605
433446
974379
487260
866889
581074
963671
56430
27091
68420
285819
228630
913044
394477
125697
236159
30660
796264
586425
911441
127866
537054
610668
794926
830349
162068
574558
855621
189192
920256
441077
276148
870053
931808
279759
736941
512881
243429
793370
56323
828200
595541
284952
257595
990017
927000
493753
537028
239616
596529
448469
367481
133582
575488
678758
480282
253908
253315
335902
443099
689922
293331
235598
559974
225138
515356
813266
254370
275136
606635
310693
619687
718527
111996
877281
708544
38996
371033
245571
278611
967561
210391
162443
101142
785879
841200
581423
39786
610866
917324
999236
300787
727006
234833
860760
952143
266540
674025
206513
541675
797011
33557
161361
31890
145552
38641
740433
700899
926025
502355
495861
893585
712746
658303
511078
498624
499502
92500
54761
110367
526175
53996
927505
769533
805180
788264
721675
71719
978640
444539
129745
292003
478095
291105
323892
139999
846097
580676
357249
772121
83030
853110
182057
795775
511412
693134
294398
527266
301985
349158
153984
828159
919505
81489
597691
724684
386104
835718
312754
881096
796608
442498
173098
274703
733602
13341
931053
96050
594016
288301
868170
677045
141410
50226
472820
169174
743359
283569
212791
561695
632727
366774
389854
68583
964614
503896
793267
350718
855965
106020
748165
652573
64870
437614
443627
798471
450954
374679
410873
44969
662979
279042
238365
320741
845620
711184
6266
105330
994753
219056
667025
143831
102181
573230
728765
66795
593477
522031
933864
449442
144403
682028
618366
725624
119641
61992
40446
86946
436670
451318
131914
616000
730360
886630
453092
575979
597814
459357
197660
108918
678412
864684
769100
780593
437913
497864
363739
31390
536247
297602
997183
197001
495981
615548
922624
131973
677539
963069
218918
630560
414387
867183
762911
661098
753812
732355
753428
351625
191711
951087
976894
386475
332123
262345
683419
770035
276561
47157
317776
812807
861110
831310
526159
873442
446857
965134
5414
640747
444554
224331
787658
375292
91513
66921
36389
845324
799275
306168
713301
507337
773607
206546
410163
105729
468891
93581
392115
261803
657089
709891
590961
34550
541200
117119
907991
504409
598604
429756
661507
43157
654086
449165
934801
261950
516085
487541
623626
831711
793709
853278
855399
567315
59823
265562
673043
45065
875494
65157
306867
48935
291399
897827
599836
348951
531297
507827
853359
129900
453934
514865
689409
108020
480381
624209
886321
512817
111749
509946
344527
421809
363223
199926
989123
939398
981839
178517
984462
857332
760026
807681
422618
51424
705507
22454
400374
236804
46632
770084
883055
500565
284949
88815
124936
281681
713023
11257
794498
341124
37554
139024
762932
917129
855301
268407
856526
353491
446923
357339
210823
206948
165019
633440
774724
870526
172245
175097
623681
218876
461533
23087
719441
262833
111902
360728
544513
824924
888336
339010
682399
925890
994386
445331
359370
366038
230089
215895
719529
193363
573233
446703
400311
738252
596494
691386
125129
768739
382834
265161
987614
844366
288247
223406
107198
400148
100486
651711
225072
988821
507072
423822
431062
17809
385504
790431
900199
615592
522677
619727
808955
612262
66429
725617
866865
179274
417002
991993
948012
799835
257153
451978
160553
61751
675383
267750
461899
292220
435812
203322
281041
459236
627143
712102
993396
12647
18885
893594
144590
541561
513320
953544
670174
96100
195512
537038
275374
612513
45382
739737
928700
818886
191714
605604
880637
383449
389705
342535
675668
825517
545856
956708
801104
689350
185162
794499
701996
204046
688093
362938
261958
717764
316481
932132
813864
511993
985521
605589
640857
30903
345325
85908
849788
53391
691511
730424
436839
81216
589310
628858
423084
135165
585566
740539
340867
287079
535037
42862
7476
739481
405799
785785
457245
238632
234268
787460
266976
219789
393048
424184
250691
254724
26444
100478
308114
234306
347254
744952
831873
936563
373810
254956
588080
475727
511846
928946
279157
46883
488159
286632
302715
410310
588768
759959
648941
823036
547418
432268
42824
456817
856451
293514
711541
882894
910343
536006
117200
257596
280958
949072
194159
171119
720380
782238
163197
232225
227535
958705
795459
715693
761688
98174
126002
350455
374484
774942
173490
438254
207209
216313
895070
580012
26178
122962
462905
936521
658968
96456
710468
456277
561880
904626
143747
798611
203215
823295
30835
430749
781999
342646
146442
543686
957171
272443
894140
848006
563737
67630
286259
287297
800294
697681
867308
826472
336994
846565
279344
995961
459372
989811
968589
21251
410789
112335
819861
130355
935629
367048
77456
233979
226045
740249
777664
183215
529043
671804
547572
92779
255785
833831
896428
572430
47863
280087
915253
384856
126651
194596
380817
102375
700759
865757
639977
111547
978092
976190
758253
430072
859589
835708
664051
85633
575956
441714
785199
104999
629869
332770
714129
885653
682952
610556
974435
730814
890643
889687
115670
533645
84283
12838
152371
785041
878594
792348
412939
373037
284889
687543
319461
144477
523251
983511
230109
615558
941576
531659
236908
87797
864428
951037
489801
63732
77944
464235
794545
484938
353922
426566
534935
438204
439403
687305
739596
834349
996004
668886
207385
280892
356428
526845
425368
396030
26707
171828
527940
484635
703486
764847
572431
84266
232235
62231
147997
826531
526466
458893
311468
880387
401811
846402
834942
841213
50059
90889
191913
46062
759774
915650
326954
632553
958846
268673
544935
985553
440501
72874
470187
143986
354072
558969
744603
102659
621199
408951
929189
664016
384196
757008
544402
786006
603410
895695
143570
169820
986583
335483
215881
262708
251132
59186
411613
209977
327859
956547
711881
768359
545772
698419
428696
416195
257387
689651
518853
878586
98601
448041
58953
482796
205049
603355
785153
324810
15401
928723
494629
1984
264205
226861
781043
31688
286047
192655
758016
130257
665553
469897
414967
211324
168315
843662
627519
942054
49664
146371
336991
148265
110764
395943
147412
832164
999297
932565
156973
14698
861287
167953
533033
641843
394813
314075
189882
197211
506730
947897
327467
172282
934145
742433
899958
618812
102447
43828
560865
152110
190198
897855
816726
817313
293797
964138
649476
809446
413054
806448
340495
790692
490752
389879
948886
885565
703953
138767
599127
727034
86663
442946
415668
537160
185378
315625
155971
804176
359452
716835
956286
66001
614689
289363
399666
424837
769852
49141
750634
182905
371941
91128
489948
862692
481006
438833
264608
701311
577599
863735
944696
180614
823032
360363
717773
8409
192339
873743
328937
68142
106929
285222
650495
721617
90936
50160
662805
860788
99300
413439
560044
987592
20918
49992
850284
501924
488824
631243
719586
582775
494977
664281
279740
834360
540996
997512
842769
733334
387606
688057
317828
494534
489630
968322
732502
580565
534833
395306
441352
634132
325096
1396
621724
346014
567739
988359
364289
572914
619601
83874
155688
630930
264506
435427
465289
805501
949290
824409
55187
853247
512465
889366
347780
2094
857687
80281
582659
392519
991939
540362
543002
317034
58109
681077
179399
625847
185787
543687
198761
805388
143912
870800
952669
924770
306227
417957
730270
771868
758718
301808
625115
271182
191173
489246
789628
565211
85879
888638
474081
77817
945351
533435
911202
3460
214511
606953
629306
400298
150639
344418
722037
810903
215218
674705
735672
37796
609013
982293
809663
884082
284101
951129
671616
991625
440375
461243
73188
526253
866232
547268
120421
811582
597054
31622
815041
327917
638574
960699
728214
305565
821468
966602
116467
36685
157658
368490
74480
283022
350782
400495
167104
151234
351623
838719
142859
791997
299961
732398
834601
682544
796017
955021
494125
393071
502995
825518
720987
141568
302568
965552
963484
124035
448505
596302
677072
606162
964791
751551
889183
315573
668397
56286
466806
20020
895004
126016
328368
711316
858413
679321
393859
170782
634341
404336
563852
137335
746205
801190
795255
565124
766741
275090
205510
215245
871392
882581
337758
836182
150484
226940
668106
818880
799578
651264
355251
694581
777279
199971
922249
152044
879291
832459
839177
29983
753146
403028
167318
499350
720569
478924
64473
487309
754013
269983
218905
625404
668915
556662
977938
819398
299953
646043
154630
99530
813658
509880
310463
107289
226202
232711
775684
621844
581521
614860
651827
334667
534239
819144
350368
254807
298067
931193
742115
568431
717527
477371
193835
386441
550384
688124
722191
850336
850518
876820
949866
664176
903051
776680
771464
129253
525742
547147
751096
107262
678358
402922
958280
212596
738417
308648
467402
552835
239840
209516
121266
473718
203238
831452
860158
753621
519575
582348
603956
370092
975519
70173
550619
878570
846852
838434
7822
888945
385580
275269
996207
63937
678191
954486
276532
932959
779485
260285
485794
535676
986152
123411
9393
189389
954862
385903
943009
990788
484602
63317
877231
460121
649841
427850
338690
13045
266283
346511
901989
168215
621779
898195
748503
816321
369033
541387
749280
664869
801671
751425
200545
787823
391187
726289
493563
862400
112191
436572
853187
113145
16240
246769
573265
666080
190970
911954
679124
457253
774816
581113
141819
912946
995659
406673
245619
881043
948059
511250
545912
266082
779026
262808
570256
170212
505448
63818
32611
133991
16741
402149
247135
32980
648917
820399
215412
839887
248704
410887
813491
539871
508351
471661
452816
20362
878333
214786
901404
342744
726035
963667
125177
505060
742826
695432
675271
248274
759249
224233
382264
775990
626381
629398
325321
275298
966148
57084
631536
214851
467971
445026
754721
492673
916686
723888
513034
311370
938674
930790
654113
664708
894456
779289
686120
637282
991072
361390
401907
750321
585623
784170
42662
728355
929919
884334
3652
896066
941418
151539
627268
925740
596564
898340
418412
29601
138579
447798
857323
77252
378587
27787
258312
273042
323428
944431
426675
314499
822172
344933
581171
924146
129102
623832
652501
575372
24518
172504
987789
482287
324043
615056
924378
436958
29747
859141
982911
168326
306938
840233
245577
685524
868019
20240
474918
191446
481022
417944
22297
303194
762877
603467
743691
408330
743651
912543
983702
768168
85047
971490
766806
925441
102898
691183
362398
132644
550323
345308
300969
373613
701892
62898
575488
86263
83137
50405
794060
80511
984701
816356
900056
747577
936175
643746
672258
679825
556289
172311
964344
157687
660153
247501
83127
763050
938683
445524
895693
5357
307184
713014
895321
525427
775911
470809
611689
375399
521213
922101
455909
22265
254808
355964
286193
190982
516062
958451
387158
588702
130761
351501
746388
790913
115353
829514
70314
54035
791389
482359
575744
98572
195372
471064
140351
487634
458224
268391
863032
495789
190491
835293
518053
445299
707608
804246
152632
740021
279048
539790
328722
926160
407642
75109
717073
522995
904622
303738
93381
696011
786096
185476
310934
981467
172892
451284
469100
631115
719675
848484
126903
426517
200128
644956
388167
907735
965553
540799
647756
244600
596940
976477
170759
520933
567938
404183
560279
988911
707921
653660
684921
10368
355487
512207
508187
528378
963490
977286
675845
199516
342121
319099
626033
542248
480406
14199
966335
445958
71349
130442
690557
668288
623270
377668
705573
191207
781850
265851
180118
6122
435862
381390
16490
791349
893596
524676
836078
373438
18313
511922
572953
876786
831021
715337
935385
311426
245888
901719
273736
317236
32160
480644
501876
655430
858311
723800
846636
156513
989650
543105
678986
425512
924495
211827
733212
334442
252854
569289
707879
787519
81211
797184
664304
428583
28872
599688
256360
274759
501407
530095
108347
49918
10739
126574
705347
385401
850373
68335
541913
840022
611439
737251
781885
52285
949077
515096
386727
201931
84385
610957
989449
681947
924492
170104
626881
469716
769791
883240
260826
787549
929687
369172
837467
940425
12097
59165
842177
862469
127499
384090
218843
255290
121340
727
307574
586768
32175
210652
788698
116559
821609
294498
314857
262452
464601
941737
732167
750744
341328
992993
538292
271014
878516
892110
727790
890613
951275
569967
269433
595125
470408
4627
850414
591747
5354
674340
694866
553880
884991
483564
670438
222951
778061
501646
1755
759014
443382
733921
509757
784709
243265
564400
572075
638133
456510
299864
45097
924136
869830
830881
519260
340237
835508
886026
448335
357213
560365
143201
911092
961707
143116
97881
701010
437528
599526
702764
196541
559259
953036
706297
860319
712653
787049
432393
350785
243558
248609
912233
684045
118438
743113
203304
975027
94972
605681
939713
452184
682397
82913
879627
160456
742380
977507
861465
179908
93384
564228
376448
652642
517263
599097
512961
746267
902497
461705
613403
146054
710313
525635
830098
345103
785100
549753
836481
880071
671786
776193
848607
354182
375458
728233
30989
117837
705740
892453
297744
799123
973032
190544
968117
490295
305992
997429
752913
208488
459133
366316
870893
685798
891950
217342
547252
193401
283446
383732
589824
955231
159924
438430
825765
535381
166662
856753
169570
388753
265558
467313
187876
238589
174208
155992
245235
996551
669772
998148
721390
128904
364463
592282
331053
772764
325975
878304
966165
609421
262035
72340
81003
938311
510769
906767
990043
677430
279872
159612
582535
545429
143277
770410
300369
317484
442753
545604
830387
112524
543751
551776
757779
424565
144058
605184
197328
470032
483487
679844
595804
261874
752183
676807
716536
779303
99925
706578
973085
896148
382542
555619
441576
525818
326028
258297
359653
285132
803900
190039
914007
347650
741815
188137
772214
402224
793320
485893
388607
793159
682089
500763
571384
950623
177569
287919
729926
793845
510848
703010
689993
409741
258628
647920
935558
101007
906216
811563
386138
710115
1601
816496
574116
259767
4632
862681
178342
314304
348574
566949
107462
547014
67711
195197
497636
761631
483115
227561
555475
510314
446922
245467
920055
705549
893387
371964
806555
799602
183526
709044
509717
701479
41891
83832
477597
562875
462865
655939
877178
811438
739239
500991
874803
806949
696187
372438
84931
695653
116351
640405
205966
563272
402224
642372
268821
295610
530688
591727
611563
714213
817123
637631
932043
859013
237815
409640
421887
700679
581930
299064
28468
321168
316406
903270
644468
12592
275707
729398
708244
908409
886154
430562
471681
288377
589285
256853
100338
119972
364931
711901
350537
182053
349531
798931
557418
587345
208570
979304
288023
790499
794720
316490
628018
111125
219759
272485
640069
11818
1882
864664
436578
404388
811577
424610
692764
400862
681462
793102
37185
562745
505002
904073
261149
854532
703004
818566
958229
911573
314222
246251
218424
625293
79093
846441
252769
815203
118926
892837
343372
637159
273853
779950
41546
85429
720911
250662
2642
918725
43763
39827
481469
65116
943899
742617
435999
646902
77535
394227
74827
908108
156830
809602
533400
752274
172394
786168
567476
807671
195357
427200
444830
469209
723501
2727
70989
444411
253388
73631
363135
813502
629809
844603
878617
90059
103572
314616
253313
697458
708842
328139
605565
382023
654092
138964
134296
826485
441483
218124
634156
636839
645323
595337
622399
368823
598063
693388
813233
367803
283370
176368
697656
913178
537322
576273
3236
640893
407240
772900
854702
632433
617390
460266
14456
271481
599229
148751
97966
40712
366874
248473
193902
528548
843809
816301
897370
958223
26040
226955
326025
309409
919674
23681
222586
456995
116305
742173
614240
523544
31425
468941
155976
648814
929207
170431
920295
44787
835534
534612
85498
718759
783084
795752
247307
626892
612052
661028
101466
638091
887982
943843
463851
807655
967523
202788
781002
600179
461312
395241
123722
492736
864181
796049
141550
309739
482832
61844
354526
834717
112807
956375
553475
412242
752126
317133
555485
880529
494513
656950
34971
382494
600792
498821
706501
84666
701608
487502
684844
162920
882742
324917
655655
263274
637318
313556
573013
636501
891751
443890
471217
4557
400264
541043
416798
668742
858176
972282
549270
352688
145584
100593
251533
746375
599413
958033
347393
817373
445534
32236
496644
844627
873505
668650
107901
27174
982206
197265
663674
873956
641154
134890
394865
557769
675932
811662
742862
50459
300296
292132
919498
962231
909076
687383
708605
508488
645415
55997
842212
607301
604585
338855
968279
994441
523857
76179
21614
506062
789795
685287
380017
947300
336528
291233
21421
12459
102895
764282
579270
919542
572765
15119
881772
481840
702501
106728
506680
864268
679077
348891
987920
283661
204098
956198
278101
727954
548729
816066
750367
854875
501352
130383
802175
837879
421616
823595
366689
40862
104228
462310
476755
676993
477429
874878
675184
696281
981605
181863
560548
660681
47106
548467
460693
767555
21017
255145
495508
569745
71210
245874
424619
88913
892608
743145
926791
830575
83091
809832
387788
187319
272141
380894
380663
749569
255771
55846
445850
753728
237709
522749
930760
801166
587568
391453
568720
608584
162949
580579
694680
234159
342804
635650
323071
751763
378795
766214
98690
461885
576045
486477
165555
364537
867371
546217
630458
639493
602063
592659
909572
356123
115407
840332
673640
219326
748136
242359
827909
911084
339289
38940
661594
682092
674590
984665
433854
53384
267230
48895
31620
359626
535372
197175
240514
919094
743391
870971
74938
861805
463629
984510
734279
95388
824841
407918
314713
89328
166628
142622
411
505916
181561
662005
704359
372502
163021
138213
425885
946602
703459
973857
822579
238830
171031
63092
674275
430773
934063
749213
808930
397691
250074
543208
9430
591266
951126
324143
680593
634105
983116
681003
140021
164676
859359
844379
53530
538731
498943
995766
485332
202402
969622
307910
957583
657004
371002
631858
604129
821416
897422
413058
735458
663847
472617
744888
255112
940094
69030
935704
574199
52145
133058
714219
733172
508769
558597
786701
47499
573892
782467
532831
776293
268440
357092
250227
925444
244445
882084
45924
65860
295857
458981
317670
959703
447949
62557
214814
388043
131586
666869
962241
700082
316279
192811
433253
825047
267759
736306
872545
841650
35124
921727
134294
303563
795171
384521
745358
39615
782956
791281
621827
78813
766613
939496
554867
730914
2052
286033
118956
649989
469253
597548
350070
785531
790358
299674
610577
58116
552331
483122
416118
587454
404848
550411
891017
200018
451283
152726
755985
234239
460359
377811
829403
743323
833658
384269
474236
352061
186653
593191
2049
655906
707090
868470
441436
497447
684495
52013
71915
236826
535134
488032
824279
456333
554794
231647
172703
6077
900725
928687
756667
361083
822849
586069
104405
656506
486689
94993
8566
189694
688183
526966
845599
395273
911787
803386
409071
596281
855398
480985
833106
906883
485368
173737
879568
556514
405383
52270
78942
306107
497308
835608
183541
836508
938028
804298
493013
941068
899290
17930
130761
103824
61247
976359
15448
973033
779745
424519
569313
151494
421855
918771
574729
907223
92507
454296
980088
14241
22917
59029
836700
520224
894636
20240
356731
349015
824537
366095
290082
723826
384024
420843
827650
445270
913553
359449
934654
693297
783967
503966
361143
722174
422736
935871
145748
31594
390166
125835
45835
413082
184863
882534
449657
595850
902773
322739
944864
243662
688833
234945
967487
589208
655787
311488
550829
569340
670937
485482
778988
971255
505799
140130
693428
444887
592352
839175
476480
982517
481361
38666
911950
666223
921199
877958
262072
340324
200696
206935
583985
889528
958232
67823
995087
614018
895663
62267
699709
82951
547748
478697
54205
569899
135178
263985
14785
727530
619511
7616
226398
100872
46282
138348
767094
967480
16305
545518
824155
733353
268804
924491
139232
227035
992314
134319
357405
404328
196585
573465
487278
260685
568513
57834
346935
703691
838170
361719
947572
457681
885686
173969
558552
931967
828668
841997
415799
361325
903866
239953
94677
689022
680796
233908
916056
673109
884578
789812
77436
81163
363277
81065
858199
931789
655250
205133
151831
493420
83203
99402
951100
968888
789723
26003
417207
134742
384351
833005
496066
288217
589309
107094
977238
270104
341002
409645
459564
225579
715809
53351
823093
79085
650767
197643
527225
306017
919127
679056
799436
2329
294809
750535
487569
84531
292889
421127
219273
677239
770483
231690
481807
876143
338784
975396
662599
679785
901393
122162
421715
617201
691865
761160
696285
342631
958802
739861
648647
394281
418916
448082
396609
230077
714968
400529
314607
524208
338007
50231
201447
108489
281921
199605
984632
137056
175001
647230
333192
592745
285743
754906
209945
977607
32417
422581
836590
991219
162441
485236
385499
581357
449670
298459
811433
680989
215340
642391
205197
553346
208974
922995
178187
7246
122599
679170
144301
813951
326399
477492
406695
128493
748749
132991
622452
781166
555571
459041
288736
718012
460628
190586
815720
426649
5396
143504
107638
220735
302246
829186
290433
511219
752180
984971
518464
391130
664140
662764
721433
506890
656607
128127
151734
405356
261118
774185
186521
333040
749577
475256
51051
210205
665841
866770
153205
671236
10273
777194
408323
312519
606379
215107
340089
358558
716429
858553
266040
380568
37668
987472
403809
210627
631950
555542
615982
409419
329727
318854
742459
79303
794109
793509
805859
976301
176631
475416
163888
186903
252609
88562
15773
858988
820020
355862
733897
536448
730766
516288
917015
284785
503759
320823
495411
652061
392717
111392
61479
722443
430245
320289
318097
740705
113798
640308
233357
806780
115723
397245
510034
884683
2158
525807
260022
822178
398020
993919
358625
128785
26558
791992
413569
530317
629166
425332
182377
21882
536723
760207
260676
483320
80496
95125
740376
710645
735432
973733
517424
367506
887329
27457
252188
889486
69615
512210
228015
467634
22480
102992
112770
49037
894983
42691
95705
40500
468022
794433
578734
521096
554640
839409
520767
151487
934533
261143
862131
186316
751227
895906
553821
638555
923362
322361
44392
509329
350922
788759
976962
373401
891750
606084
938789
303084
648774
34494
859935
633147
345278
438668
154242
899917
794429
191361
567755
245313
452503
946237
431629
720081
842142
501801
358635
281856
824161
919378
791184
691434
708136
284497
64834
116237
890580
3623
419320
55705
554468
279255
688851
899745
234274
359445
316014
28702
550805
400120
790367
519659
346357
221995
239739
704850
240147
114725
986705
580660
550454
294240
272093
258590
95089
853279
891178
502020
373253
826850
557725
927720
622456
762927
343816
856729
122371
176181
401783
189527
576301
192149
225537
439009
930495
465275
143858
686993
96351
646915
267652
646805
457506
56097
421746
552594
909375
312923
54614
282627
139772
128690
726698
762227
891616
586865
618956
530339
279398
537090
236217
855698
245590
461754
294706
176084
927028
954915
379428
23379
601829
163432
186535
59335
219528
608280
611928
645254
921202
182893
444232
60974
311582
687281
339552
719550
274145
474859
249888
553542
11948
486104
925591
257537
947857
736648
949972
391237
691563
329400
930967
293391
492831
117501
869077
228710
725780
997357
873963
646981
180249
318194
224306
8183
5474
563858
244084
795970
38716
493971
865864
567016
496426
791454
340904
960635
528102
290876
868223
736016
136627
799189
29406
145809
433041
414835
890870
675172
412191
764832
322152
108791
599377
62810
116973
121202
143019
877408
917171
181734
371378
783034
265101
384156
90840
606005
861142
135293
896880
729364
871308
549858
44904
900713
212018
994296
831899
102887
669467
244089
867718
507970
352880
983446
570779
986204
104647
713797
863612
21817
411883
751341
321203
676983
651848
412042
282987
512989
63686
696218
758704
934993
762427
319959
352057
974444
314254
183956
77330
983720
428044
461399
8042
297275
444844
578820
283479
65842
808969
663442
87659
737203
414782
925213
414185
582982
853606
213524
95970
917291
426093
371026
852283
188520
207336
720691
679315
521590
904646
756645
21661
849042
734395
29702
146316
695591
124874
946146
761432
450194
609587
365442
187396
540721
290654
117932
640054
144259
331455
736023
577901
273900
623400
946535
462419
830736
667226
141733
868677
571871
414729
406689
420912
665476
952743
83580
361066
77616
29725
122497
44161
155664
487939
231556
212736
294944
349487
852789
955555
197294
105163
533455
471193
728563
479990
449963
75650
147215
108047
944326
235437
522776
867366
656349
704603
820108
739928
65668
414075
286004
704516
458235
441667
708806
689790
654402
3750
555629
507190
959304
752922
128705
492758
740466
857267
489099
190428
449268
152665
298474
909945
388102
337601
777310
560802
42203
597418
817081
624222
11492
103084
328738
469727
61103
37543
159516
715504
557644
715144
739046
516947
984417
867750
526057
724882
241368
15155
431661
690635
684172
246487
600579
72273
100439
377888
633074
658994
491657
966506
283215
503149
69589
128304
489227
130691
682199
648742
362547
239842
880238
617944
756789
381006
2045
282845
622240
243412
814351
53900
450398
498522
300386
567328
87146
400825
461567
236571
59818
953224
203076
859384
972724
272665
987688
461950
919707
669886
627043
798605
909727
23632
416548
182867
404638
418592
982063
26877
178355
312766
597128
145104
327639
413866
712431
414785
331042
173998
167707
907211
643573
370783
766594
616296
159799
270633
78245
595857
456870
221639
394462
882949
245271
811009
65815
649908
745953
564230
193136
440659
876995
790263
102115
720985
720480
814545
135769
51521
504894
819828
958731
664818
190610
241677
281113
866760
512309
875709
462616
969179
97348
857077
852127
342618
184438
434293
508877
446742
998522
218364
403752
391868
524978
505866
112853
245458
836763
764973
296978
341656
584800
772061
522826
291761
13737
320290
158520
526045
195999
621136
495223
809698
994564
863701
152315
695353
297994
177543
142094
812867
395906
545846
204735
920883
51711
317587
682692
404825
598911
979670
746481
183711
268082
785658
475471
281818
105947
633991
807862
301945
771478
819437
627994
766041
199489
296660
977746
497482
474202
119839
826701
386459
182036
31435
823694
750099
865373
506385
154923
464283
2406
417755
164345
270487
203412
639816
552304
309359
790158
876518
127655
561635
212306
755649
844027
411794
52308
821772
425628
526510
457963
252328
429320
639998
800114
253013
390096
181838
275750
545019
646120
278155
479125
810465
64994
682537
966632
617297
991895
756789
10166
635901
834775
222471
391549
195153
634265
960209
533277
576244
3070
507591
828571
432389
147588
145036
685402
54036
326873
477503
115406
489344
755657
594530
816160
820650
793418
782791
954299
301664
55931
964464
937565
407057
703287
845465
118562
853903
805673
651838
430146
808742
675780
775068
241131
339719
436455
442884
393754
763327
920386
25511
769022
676042
136393
585182
13044
929810
884324
967342
231474
456607
448157
169038
863663
667795
14502
982224
521697
336527
150413
468194
145268
826192
759613
386398
682263
196067
829281
76016
475745
266018
617879
244767
458412
754271
346300
471455
200432
230623
955148
431905
687229
919656
117294
550892
587451
648148
49467
625499
984674
716232
610045
129941
58775
369657
32691
741037
82076
378323
333405
557820
644341
951283
318938
102752
221905
665237
90558
422336
895860
45705
854241
99440
481712
487886
166683
585514
136033
216150
727365
637058
448733
337409
766999
507507
223417
799689
248544
305492
694363
581948
379664
338703
49582
698601
441454
271486
363838
48363
693821
776049
610419
548061
875488
92131
552299
558523
193996
688331
774672
921360
841741
739756
258768
125091
247262
998537
441131
12157
304028
135493
594104
200043
474196
160037
898644
432001
431522
778833
480364
125343
554881
90782
189755
946720
182912
742053
505242
376908
946736
796265
814619
788476
536020
589739
913566
299634
588275
871048
311790
408654
6540
422246
608697
480735
582282
23692
912736
13804
802524
909451
655498
873756
232
845252
820475
699496
103657
842069
592755
50392
154685
407373
355219
690705
997111
785136
506690
585385
656183
818479
510391
662722
757076
119087
659809
339358
142778
572544
869513
461653
481994
525010
335408
998577
886613
672234
698072
990269
514302
807178
557012
668987
214551
912230
876043
728013
213717
899084
313398
869899
717562
340140
48973
990990
459226
708781
846699
118355
797676
232563
580007
796021
757572
431766
794597
160536
103999
9021
150805
134653
816198
224168
319991
547100
136398
712385
275113
866466
611468
104862
736365
845381
445001
301689
836370
420578
10469
199420
538932
324496
431982
635290
120516
189553
583407
431464
866441
687405
956836
533597
338409
289386
757764
658399
836485
894161
887135
627949
276979
498602
732810
529695
343983
177810
831383
696704
114739
358203
896124
653670
682698
328105
805311
319565
34010
388717
267380
900450
592474
224216
434046
447234
29953
191809
621985
866437
602322
509119
10738
879300
7721
743547
408994
868055
437709
240376
564758
552447
114930
460881
722469
313979
305338
527779
633543
339347
432848
417274
756148
541673
157841
706545
988906
187793
898353
610890
570582
17026
120009
581319
896325
644081
324865
821670
512135
278925
578397
593244
831372
693326
570477
553840
523656
875814
597970
157198
731512
547169
90824
487659
88841
248664
194203
77747
952809
608907
204988
523390
625933
324996
621060
38609
485428
462276
860279
997562
741201
955027
590806
88924
648353
161282
642763
172008
553447
757084
845558
284958
304253
452733
772616
909445
217748
483170
987191
170556
92076
708531
210297
234360
549878
831356
789321
35306
293632
649599
32867
551184
120977
140024
640107
285681
817657
799221
974041
371103
556304
819598
656060
376908
788682
945027
286353
6429
428196
789895
176985
36624
498425
387281
787335
48303
734989
576655
599960
544972
742605
632826
96155
863582
289202
252613
149262
106858
51833
123302
477961
124488
459251
134020
501396
247932
79047
304100
770713
23594
93994
947697
60217
108771
851329
363904
157073
586317
940558
273384
647640
683163
422561
743794
63096
711762
512758
212357
818620
564590
852011
812932
205430
311261
946951
706825
75545
542349
10924
846257
82295
621269
310305
658863
730039
161633
22766
403463
264302
963324
676846
911941
162838
99407
172087
225933
327520
684844
954641
146139
765786
806651
475422
971215
634264
938725
678039
709808
481073
205314
72416
79719
342934
382720
738582
72973
60704
761347
992787
841357
724670
669633
753298
403859
285391
441736
629791
612910
126579
100784
275401
892364
907434
750822
863578
58049
689546
57968
284208
686971
779633
356623
766689
122567
255694
505270
711891
832750
782969
221029
674106
507638
407013
943755
427849
692403
385490
57639
821665
512069
674774
97065
404432
582208
364238
784362
640256
570136
842329
440816
257106
138314
797438
540146
777232
569484
561768
489122
402233
344736
226502
592690
368725
633515
536445
796573
325917
921934
370564
663933
950354
45337
760997
871138
143896
641587
655499
300504
211722
14179
741319
985179
152492
55108
525324
446075
624591
603443
451548
543175
948178
678050
135865
833255
311564
672309
629827
153832
110594
516742
817765
60948
78431
95113
932085
222326
736699
103935
39181
464772
118113
780499
449950
786957
351959
491626
233031
976549
95068
684579
519724
559598
362628
171940
392852
190543
844248
539030
344374
471193
572124
678490
532140
650554
773603
980576
389231
26653
84510
428412
491425
718975
725262
457726
505931
77220
949351
255313
570121
560771
456243
606196
636720
335222
778135
29571
525764
138734
84952
386490
609926
657075
64979
658418
823980
838581
638993
213211
381586
239855
157974
873010
958829
399587
847087
981111
476807
796438
752775
563279
873560
209018
169474
510279
544239
947608
56201
586355
602693
141152
972844
212618
314579
554174
387387
654910
392755
542732
384472
290692
782586
542445
680053
741414
458384
527139
238876
935190
323576
991650
14820
713487
717019
184293
223765
261258
648252
796317
363964
250944
937469
336807
979913
768399
407332
367300
423308
800086
910031
807780
607129
208968
866576
287181
466733
324959
814320
705608
776500
654247
697257
791319
367734
414276
975611
107850
191885
623862
904167
72200
391157
357987
925358
371070
642737
332689
254721
66044
649127
164751
390175
256255
373718
773103
543436
840450
98061
357755
62409
390913
528353
276017
182231
896086
206644
674194
520288
398528
814407
424454
987079
721916
298792
912436
92985
941528
245125
347705
523923
894251
28807
430450
150505
402524
203552
693940
759325
817964
568046
821733
208876
96399
97749
907459
508836
304393
98004
29123
219272
912410
969928
206351
634325
268719
635138
243661
210246
880262
591365
734169
774512
136523
164618
441369
55398
884521
651660
814722
702484
219706
152806
427712
832456
766907
335170
341291
587651
433173
370414
806922
861934
856693
529624
12611
125412
681114
772623
335657
561375
880340
586177
852239
16862
267146
293607
72260
668018
945266
886981
370502
681323
556139
798213
513778
323045
133382
371421
910695
82906
258186
233968
461191
114878
279944
990153
240289
961057
762776
92298
522431
643115
194826
891021
659976
978324
184627
732235
646341
646245
135568
16842
327567
691706
331406
357697
531102
981139
729117
441796
64044
987302
675763
41587
618531
472058
31739
858820
433114
794514
467469
471897
437628
662294
362917
613956
640617
63896
862542
286958
710140
514461
820151
554058
722518
151557
428106
253619
132695
673574
695414
713091
660875
887529
754677
279406
359586
302767
654577
309052
97281
122045
780948
51260
784338
660216
665215
941307
724111
44109
744616
950602
558569
564766
504660
281087
716322
449117
534705
365369
122691
746471
594811
299917
150351
349487
95674
509936
652253
750250
335339
265885
388646
116286
317145
689336
292854
498711
630642
16964
59171
375257
483918
617740
456374
504929
415178
689048
954045
466234
54416
76735
212704
649226
376652
879406
515064
472325
905694
683668
738927
241032
949553
127572
873670
783049
816907
166523
798111
447548
699838
373634
339156
183755
991373
795530
688683
922902
484577
642728
389135
55344
719462
118191
704569
612465
997596
735984
84790
903289
419651
340068
660673
885555
467639
534342
184955
284546
217216
499418
248445
917053
873051
103953
100808
380775
899482
305842
820028
900410
948569
209162
955753
184383
843704
176673
796847
357652
429008
397988
777292
365010
254407
437964
766917
722046
972305
468223
522943
705872
967640
287739
622925
357042
391691
240084
254168
807524
545925
74195
224285
10846
799709
180037
195228
159764
873061
508426
517415
818420
422766
294707
183430
677172
732670
950346
915569
221327
418568
438511
927198
902560
726250
66474
775953
634292
306557
546473
441816
368834
620667
666100
379679
936727
362489
91258
96491
751901
599683
613905
570321
538800
908611
270102
732324
157633
220447
647892
895311
155366
86403
822508
574277
329004
405334
866582
479647
228242
413054
921462
597075
550072
103914
976753
486799
982754
68010
583289
251006
184045
713545
821326
722844
138508
91427
971519
296140
828225
619411
707802
499943
222165
46661
590571
67520
451994
457152
547166
680236
870205
984980
277310
420277
88893
770415
907075
587998
354776
6715
839003
538820
236611
176681
778016
375118
784459
749534
187609
612684
885296
895410
628978
107460
942071
219548
174979
910416
676700
238497
590651
63256
223476
384313
483532
828720
154727
906958
416717
509502
430024
255719
564674
666635
948751
342689
558104
733210
608574
745713
345893
493870
157474
491222
117681
615896
710769
292660
526312
387468
531156
116962
967076
270983
17626
450607
99702
688704
873917
516418
198206
303940
288488
279231
486926
237239
138271
45030
970448
746844
307094
832692
240713
464567
323913
874746
80463
34681
167405
123126
938501
214912
756439
905576
485894
774065
872534
585595
462768
746450
618364
177325
566742
906851
456555
53667
660441
594825
98696
630888
858021
922141
463579
615085
386708
787491
489830
983522
338524
173586
106647
793376
388497
863085
698951
390742
153501
571484
492688
616269
834286
111051
793593
401027
534254
766500
454693
194694
877676
69741
341934
735696
991881
805512
350781
894940
109355
840610
394813
964230
14196
501459
757605
919044
880896
972907
309786
34396
60742
318825
650664
895027
946228
960609
812405
480481
243460
783450
191526
121135
369542
533459
856831
361422
855323
207611
772714
481029
48220
167526
445258
62415
185337
202862
981459
66232
692120
807596
100627
752861
642772
267643
647888
588999
228251
460292
585831
988062
760093
777357
109196
129634
827167
966026
491056
682489
173636
780121
679869
738208
947646
125126
800622
132982
844339
298432
715565
536458
622379
816192
289319
265151
83834
453558
370501
828436
430201
956332
816497
190294
250040
442044
319927
593558
408070
327334
792399
98057
107454
472267
836264
571452
597393
153238
220785
958083
968021
936350
494541
590400
752541
300211
371902
352726
753768
258754
697513
700320
215085
30361
890613
981476
472404
210540
575034
880473
54225
367432
978530
161679
839698
331145
249482
953442
484382
470266
911525
452403
406615
922417
559154
675507
738979
447407
544584
9098
706160
242096
709417
921245
272456
600030
419072
261212
326921
994105
141684
381145
361536
636565
59175
717586
967710
308656
187379
452091
778922
615255
420845
701888
537671
979998
377395
793001
427404
438330
802098
133564
680426
27867
571160
469233
144248
990231
730444
471168
500688
388480
368664
378575
25044
427839
96160
509105
736494
283539
961196
31767
898793
898392
250007
952816
878390
627401
262168
822145
65730
64266
472060
262507
608484
43219
731740
752731
549802
978535
740250
50489
367014
108913
429063
908410
53103
41575
417514
305949
841465
378709
337715
740257
793453
587721
209424
671842
731473
471592
10338
313555
52209
482398
92413
177044
41968
824152
929774
108121
319039
670023
674961
686052
295287
104024
594461
348390
661950
11975
654338
503414
907035
508404
760022
700487
612477
969446
888680
860301
957389
899018
690207
525949
897767
782620
702992
456086
123123
632765
564207
442161
819139
239167
128213
114425
859542
239025
979166
521491
767351
149855
541256
674386
174611
301278
891224
303439
787075
296256
163739
744463
711625
853946
270411
609391
636565
973402
65476
276039
122518
629682
718200
941656
385201
362764
572432
244742
118140
67950
282585
885491
734156
823840
76228
908766
641469
967451
212204
428543
780058
892295
689357
491682
262592
476119
101072
415508
449520
682900
691546
88389
828933
409745
546396
214133
288860
635180
975227
407000
219481
774163
292490
953636
114354
885069
378754
755823
368871
107309
700717
148929
999603
390074
640610
778546
866192
258034
194053
832064
940933
885599
436804
286217
811695
983200
16702
616907
618379
991928
23906
354211
766090
832747
307846
396795
234167
686599
152617
603037
310260
369686
751965
309862
759759
908927
604760
142302
683312
798812
974365
140596
200762
411169
426812
528809
910720
443513
145715
45450
951792
685972
399660
234233
35070
707505
631028
269236
910456
299996
388624
220715
669681
656941
46928
429439
565867
651687
88093
765530
966851
62457
906125
167612
989977
332936
696420
417048
292801
358486
462497
244592
44457
862156
478825
595878
86013
109852
381465
512820
409847
770089
249886
595880
427029
296813
25318
992895
464852
629762
274776
431702
692219
180900
115665
198547
30187
812085
615595
322987
686922
594443
567579
247731
456599
562755
843608
58963
188958
225073
88134
115156
995161
338019
711035
938541
151183
252705
447787
616034
882466
722562
564087
91036
903461
679752
289583
933647
8188
421529
256634
695109
15971
340564
942839
988921
419670
302799
564235
608627
527871
652368
723782
39383
990386
951169
977923
141569
203873
425709
273954
602690
148270
838041
693726
568082
517792
499660
501728
525979
437540
274713
737439
453510
131628
680278
958783
551297
983076
39369
676275
27298
691737
916409
66680
198474
867577
560954
856394
587801
986662
646700
190490
651283
484740
400567
219364
518883
416578
237443
561213
854117
28508
298651
823979
160135
978928
782761
227784
478355
822129
420410
505652
30217
336818
88683
745043
720746
649636
601436
824898
152649
248135
531740
803931
249226
932306
539646
768108
865236
777089
845672
719352
805596
144323
543330
482082
639602
842442
709865
117957
180923
130275
623608
211139
983444
712291
472533
220542
878278
73969
45439
30927
838455
93530
834857
87681
542188
890855
372140
407423
667943
217812
126774
989890
362134
670104
471971
1735
28897
698188
636043
209819
344814
776003
937310
844609
4645
409842
65150
882922
162
626941
913848
838617
720470
748705
926297
262657
155911
814788
670079
823853
32599
313205
330094
911084
499660
318416
429171
528556
532955
65213
738375
394120
841215
192036
238729
845859
601877
820230
728781
118391
447170
158980
957007
683992
424036
399655
946648
579946
214442
133079
920150
763393
446283
250243
674476
945942
85011
619998
474497
617965
685211
729223
12085
42777
921258
250813
404988
39487
71042
650120
157877
34564
809099
631235
718555
233135
547241
181554
329432
761682
314632
249582
41426
760914
499824
232254
223207
584834
852251
214056
202799
53813
943278
731235
612942
380888
498399
534281
936726
569440
184400
610954
120355
509850
758540
838909
259336
305780
20463
588768
583813
851446
354701
625239
128712
854524
857492
351918
955710
226094
565973
674860
279907
25603
406094
409200
922842
904492
943480
859567
990283
644231
986872
626990
670432
745411
465898
929768
51190
2712
34887
151354
854158
389587
776592
982869
760462
150435
851138
716171
376529
933463
907382
172787
959065
313475
98338
398258
734318
41817
257824
240953
686047
761047
867942
356478
22809
850191
802597
73998
369255
353835
225351
739764
259773
518295
722632
536587
185081
90121
769109
561609
23583
676491
250747
498999
506317
349084
897256
756987
907252
671431
997939
109650
432477
382232
982480
455285
232422
785076
45634
601676
655263
787337
341439
915035
821983
580422
967973
7063
186895
737082
568672
210477
413572
335770
225828
919888
201206
123083
676874
624809
310866
191164
734459
743342
573395
716938
714979
322169
18365
276964
440196
673627
64300
297987
105014
886282
394760
72986
893345
581654
326419
978368
308483
739990
830489
534310
176230
548046
173744
853103
172855
484609
560619
423665
744303
134013
140602
975633
972533
675318
252596
412729
865297
833248
710715
486662
235881
105474
75999
645577
687128
402418
140296
511962
142407
487137
46271
834988
551534
736366
688091
724388
737327
765061
664404
997981
899073
321357
973613
871606
996675
742560
800686
378323
92159
511400
864984
844392
616873
940982
6320
820352
343399
146616
332313
2158
150104
894935
837145
701637
147653
41587
942377
884979
806647
606780
399311
222072
928137
372923
610029
441163
631834
410714
819485
240345
438465
684468
84736
571689
141801
91055
392041
1552
754022
240705
3709
904125
651992
357205
605762
799644
915144
548138
200974
721790
154917
600284
460213
599405
489558
586593
40567
637743
997306
860051
878087
952122
60870
962822
523811
202671
570229
915851
204222
324250
672907
724282
228375
324898
81486
834136
640893
512981
898625
841866
751123
569893
958501
211335
169298
964410
797928
726216
602153
311585
586267
480239
263707
163488
959413
787517
882510
529641
219719
86731
853890
892625
327364
598616
733875
925202
949103
374767
438182
847727
732985
189304
417620
691485
916991
103269
655895
714918
829484
774399
542854
932102
254637
322912
95590
214049
626780
978099
260041
846498
581182
630283
255475
908545
228898
989349
350098
178001
880467
788280
542079
613451
977583
476050
821288
894573
579318
993534
125842
408802
767932
185048
340903
538920
507959
952844
269321
134739
447295
529361
497588
544828
159643
753062
453372
904893
258762
803470
82893
139229
108101
141323
752679
602035
617373
90318
496608
196690
83851
138801
121843
368134
323848
979098
907054
348159
931941
692726
482897
895587
222086
496836
440414
898081
249898
893786
802973
25011
213607
402217
164239
838059
543539
433270
440093
160911
523587
936700
357601
123790
591853
995795
8275
432052
974892
431680
780210
906833
124405
779458
802419
346491
276294
242833
760923
42543
652970
563895
67553
382928
966111
748144
220986
26001
181413
661078
186912
221351
114130
60864
861492
222334
56658
386119
654385
31550
817798
434595
454734
942203
730404
773504
805045
6697
532688
565967
565591
702009
646213
149496
84936
128675
897639
822273
154675
595403
999703
341586
333105
630184
918801
710949
852517
975459
97067
506901
523360
914864
457847
494445
373418
188251
267948
178462
711299
800636
260780
276890
502644
423344
426385
103932
552018
840375
926204
706693
435777
442258
564630
285233
72441
999783
996181
924957
975241
93247
948210
14952
524463
406056
509396
897880
110658
293695
592694
821957
610682
853473
615198
113326
793169
557934
733609
345186
398308
176164
568230
834084
618422
649212
119316
690862
648994
631849
132171
140586
725095
80380
155537
249557
2787
181284
147437
113445
474978
740130
451753
85660
109954
66950
715337
903122
624883
965297
764660
23190
141460
849241
373625
759881
498452
9292
450743
663797
641140
582913
804382
882587
179644
476270
132143
182430
173905
795931
812226
648883
52412
263978
250894
162366
847279
482582
581839
472161
447878
862850
11702
589337
228443
901678
865570
243246
427322
316312
907043
68461
415576
227776
467399
111571
220398
599542
294000
394302
911824
106226
559536
964236
886555
326781
642953
733834
809362
741143
205994
773591
603993
734048
362928
348787
152077
228497
592032
579398
61160
499074
164211
993087
243202
631609
104657
463599
747502
915008
857900
659326
537585
417436
623561
424140
744216
782865
157973
69930
524007
880318
843520
644351
614365
722799
993137
282794
467647
585169
862191
45158
600594
26401
38244
843795
174362
659252
307393
921863
90612
681645
97540
628196
615432
237452
52335
875999
20316
726659
945928
60675
606977
305800
705025
737693
28598
214514
20486
12597
316034
399029
57754
916627
941781
95998
276774
116142
271601
100518
554357
878564
782162
651896
506760
397593
889348
75446
273592
909663
318457
735871
970337
925433
41670
191714
179477
586620
406227
716315
599216
238612
631695
173321
671590
573475
785670
948363
689617
57271
48881
760325
935834
347394
412220
958945
261339
301567
550743
534930
727582
869199
787152
697918
310983
345174
405983
490459
448145
328561
723125
563712
567172
354819
737032
238762
444646
522702
703476
650614
96324
752356
410938
32157
616102
823157
507454
877440
124724
58196
928721
368657
927394
715872
582926
238376
577397
988909
245186
25541
317469
484663
589252
400993
355833
842636
639754
800478
365337
859581
451091
461660
128289
862028
10168
744390
685185
517621
621829
326260
92168
66901
211268
19561
782772
794193
774288
360169
783101
535826
902061
616922
536840
7665
17914
892672
850300
174019
693150
215636
33599
660592
193647
161887
522620
203814
906276
724156
237787
44456
566767
329954
111356
778034
865867
410480
572226
156506
287000
871679
208683
705412
488600
745522
713076
22865
154546
563375
196883
364047
295362
230481
24638
489008
908720
63609
692822
331347
304116
930608
892155
387234
776913
3510
681619
159131
930341
770197
315637
733692
641875
524319
439104
646826
786193
152179
669690
940738
715554
866572
304784
10915
613404
329421
16275
522123
909382
709096
369822
213497
156055
261976
117083
932967
781837
798701
608450
712178
568897
924086
445869
727123
964756
401324
373948
750948
553503
43637
691685
785408
426560
512820
312674
39964
358593
328948
78438
267974
554395
964611
997822
710449
226586
114904
159768
524775
429957
768217
236952
998853
208654
199172
725976
173409
116848
99923
440709
670350
659912
648745
972109
86471
161565
284782
642786
520157
130082
237576
304482
684476
202186
818655
394925
945124
449911
71044
469898
879867
355612
223201
878719
564265
938724
121046
254025
55571
737321
694733
725920
397232
343478
698028
54
505042
499162
642840
541550
629243
396767
362383
313718
598952
181037
224994
544075
147299
812389
530324
27165
168000
753524
422236
248616
692248
543281
502641
747818
796953
197373
990090
194184
57202
204469
710590
78595
703630
869781
136496
849224
266547
498878
162942
381850
196267
904287
442277
343565
716676
972600
887082
401027
726124
309317
649643
934723
368949
668635
682540
165902
382359
188981
876437
439561
393450
103378
518155
97079
973158
654651
946303
239704
669880
625596
621554
866146
46234
580182
726063
762909
552781
613144
163936
795256
438812
329930
729978
807760
998564
928870
490013
380922
117850
882802
820482
511299
986179
854989
124730
959337
25991
587384
715392
695870
212979
853297
78368
259212
433478
804430
538473
502611
933925
218760
297866
372736
548689
544196
696847
63604
473065
703212
444525
590914
586013
781359
102213
88543
636347
226942
47879
178689
330677
279623
874558
543655
132919
469277
319218
82749
273706
374042
101711
207630
592801
399576
96717
657841
943771
793564
721444
416835
496775
165969
524101
599139
947327
626313
687681
100025
369606
251912
278713
700282
531534
669622
760288
180804
138899
595857
779904
928956
969899
881614
652938
562699
797542
749654
220540
741312
59569
941983
674499
72695
624303
198599
671833
87981
341263
359514
188005
227220
127777
983069
927501
175662
169043
204140
356465
307941
799996
652721
753248
769894
534334
406185
848945
848227
672191
585836
589539
248111
44170
780389
320806
668473
495339
992638
756453
836601
868503
460810
63820
996279
960230
507672
688292
129272
711811
44757
953564
28158
213829
706812
798052
264514
629348
163348
112741
817890
749183
218631
66001
793352
999019
386806
978176
10709
895795
734629
363661
764298
711790
943832
276928
672019
451503
965220
801291
679665
526328
271206
707822
256508
494369
22225
521021
123717
701924
150113
941606
451106
368743
7606
760810
884113
394411
738985
894821
290206
989965
258481
570855
701754
202312
364134
890125
170166
845705
207767
366182
888384
478972
590356
144891
973341
128932
665912
613409
830856
816024
555014
281961
701119
78972
559122
585231
473382
298107
996404
279939
804423
771236
367145
22529
489900
731279
912653
176417
93335
120419
542599
981719
115742
132954
126609
89082
778237
308872
702490
609092
641248
773856
407405
342366
852827
966526
443948
842560
780984
440351
638851
585407
727939
5995
607935
217838
253625
520587
910606
346960
157357
453204
328678
273098
102509
971638
878532
880746
280510
581021
6189
921757
871228
413593
780474
724054
380119
224421
566614
677454
181124
205464
262860
909062
727810
387146
643251
981435
424084
553856
844746
581440
523412
689775
370890
142272
661412
249421
539369
941921
346793
545558
380029
734373
959150
160502
458426
855620
384923
541391
533074
566046
263206
312285
991459
991016
215783
151061
488802
639866
221268
333547
737658
744679
23321
624899
403303
684732
390671
942671
143005
737463
4580
523033
988187
963730
683535
446613
335701
584809
988003
385126
667206
767561
213763
175016
758576
429545
326076
247377
585762
547343
97275
839771
808374
120595
464669
728028
321678
855339
670698
464682
109154
675278
504067
97340
155359
703953
60304
7411
288761
564659
908889
955966
332219
122651
130981
607146
68547
973408
854522
654308
37102
468148
494079
845475
588742
475099
573502
426771
846790
760552
407805
955943
952181
911871
569634
623891
132175
629938
631301
420935
710948
540189
893252
43166
179191
540584
650311
247737
30343
21184
902045
67444
489331
912475
429271
594424
387573
2772
21194
234362
279675
428998
706656
231855
857220
276290
855745
505746
422579
3398
926680
133526
59938
336283
693043
239129
0
