1000 0.00276806
2000 0.0124785
3000 0.0232666
4000 0.0417258
5000 0.0696832
6000 0.108924
7000 0.151738
8000 0.160016
9000 0.204254
10000 0.259912
11000 0.326234
12000 0.349964
13000 0.428063
14000 0.474956
15000 0.54615
16000 0.620548
17000 0.714612
18000 0.791792
19000 0.863457
20000 0.99712
21000 1.06296
22000 1.17116
23000 1.30036
24000 1.48907
25000 1.67451
26000 1.75741
27000 1.77538
28000 1.96808
29000 1.99934
30000 2.16452
31000 2.28981
32000 2.45352
33000 2.61041
34000 2.80457
35000 2.99265
36000 3.30807
37000 3.29031
38000 3.44115
39000 4.1538
40000 3.93856
41000 4.05628
42000 4.32469
43000 4.5035
44000 4.6812
45000 4.92675
46000 5.73771
47000 5.4626
48000 5.66263
49000 5.87182
50000 6.10771
51000 6.86013
52000 6.70185
53000 7.68917
54000 7.49352
55000 7.8709
56000 8.26836
57000 8.0581
58000 8.6806
59000 8.49733
60000 9.08589
61000 9.26815
62000 9.63372
63000 10.1953
64000 10.378
65000 10.2023
66000 11.1745
67000 11.6742
68000 11.0527
69000 12.4159
70000 12.2737
71000 12.1767
72000 12.9174
73000 13.1379
74000 13.7154
75000 14.7199
76000 14.314
77000 14.9168
78000 14.8978
79000 15.7159
80000 15.4416
81000 16.2244
82000 16.5203
83000 17.0629
84000 17.6598
85000 17.5702
86000 17.9876
87000 18.3975
88000 19.0091
89000 18.9277
90000 20.3249
91000 20.3598
92000 20.8409
93000 21.2387
94000 21.9303
95000 22.6145
96000 24.1776
97000 23.8616
98000 23.1049
99000 24.1326
100000 24.8373
101000 25.5229
102000 27.0322
103000 27.1956
104000 26.0374
105000 26.7245
106000 26.4556
107000 27.0114
108000 27.8388
109000 28.0064
110000 28.4492
111000 29.3446
112000 30.8337
113000 30.6783
114000 31.0604
115000 31.7026
116000 32.3163
117000 32.4706
118000 32.9989
119000 33.5713
120000 34.1508
121000 34.7207
122000 35.3524
123000 35.8806
124000 36.8953
125000 37.4404
126000 39.1757
127000 39.6212
128000 40.5481
129000 41.007
130000 41.5785
131000 42.4145
132000 43.0209
133000 43.4906
134000 43.0166
135000 43.6152
136000 45.6435
137000 46.28
138000 46.843
139000 46.2126
140000 46.7973
141000 47.9618
142000 48.1831
143000 49.2579
144000 49.6464
145000 51.7167
146000 52.5578
147000 52.3656
148000 52.5068
149000 53.3573
150000 55.3952
