2 6.849
4 7.425
6 8.957
8 11.303
10 13.079
12 15.358
14 17.151
16 21.149
18 21.582
20 23.971
22 25.728
24 29.692
26 29.96
28 32.405
30 42.235
32 36.913
34 38.89
36 41.801
38 42.719
40 44.835
42 49.483
44 49.317
46 60.696
48 54.164
50 56.254
52 58.165
54 82.128
56 60.688
58 64.833
60 64.71
62 80.893
64 68.557
66 72.169
68 72.528
70 75.771
72 78.392
74 78.228
76 82.452
78 110.374
80 96.976
82 98.459
84 99.879
86 100.232
88 101.756
90 103.632
92 111.529
94 106.498
96 109.903
98 112.803
100 130.052
102 137.719
104 120.142
106 122.817
108 138.458
110 140.269
112 128.254
114 132.044
116 132.256
118 137.721
120 155.758
122 140.579
124 165.834
126 181.553
128 159.831
130 145.327
132 148.552
134 155.105
136 155.424
138 157.283
140 184.444
142 195.682
144 182.683
146 201.629
148 199.784
150 185.299
152 172.087
154 175.772
156 187.962
158 180.395
160 182.007
162 182.817
164 187.34
166 192.293
168 192.222
170 228.536
172 213.443
174 211.919
176 214.846
178 250.942
180 292.737
182 256
184 236.044
186 359.174
188 282.632
190 263.754
192 241.286
194 422.839
196 256.701
198 223.239
200 240.114
202 256.643
204 246.957
206 234.903
208 240.098
210 241.241
212 241.418
214 241.325
216 250.873
218 244.309
220 265.574
222 252.381
224 258.169
226 258.895
228 260.703
230 262.087
232 265.185
234 263.742
236 267.416
238 285.261
240 299.468
242 288.396
244 301.346
246 335.451
248 348.347
250 349.56
252 369.095
254 340.205
256 306.243
258 305.263
260 294.741
262 301.166
264 320.331
266 335.293
268 305.213
270 307.46
272 308.049
274 312.805
276 309.423
278 312.413
280 315.713
282 333.368
284 321.591
286 324.042
288 340.663
290 330.841
292 335.523
294 355.165
296 349.021
298 339.006
300 337.115
302 340.939
304 383.439
306 352.338
308 354.758
310 350.668
312 430.622
314 397.09
316 357.121
318 387.439
320 415.596
322 367.457
324 366.686
326 395.399
328 417.682
330 394.439
332 392.979
334 375.82
336 418.663
338 405.219
340 387.673
342 437.694
344 408.793
346 393.137
348 396.239
350 390.423
352 411.795
354 412.463
356 434.852
358 443.357
360 449.046
362 413.336
364 433.54
366 421.083
368 422.522
370 403.126
372 411.904
374 414.29
376 418.271
378 472.341
380 584.806
382 482.882
384 475.837
386 425.797
388 458.394
390 470.677
392 458.282
394 554.956
396 452.11
398 439.382
400 464.784
402 450.221
404 447.03
406 455.786
408 522.433
410 599.391
412 474.204
414 479.454
416 492.737
418 459.05
420 466.179
422 477.129
424 466.866
426 467.002
428 476.622
430 613.887
432 580.018
434 490.035
436 482.572
438 600.122
440 494.107
442 582.162
444 546.169
446 514.236
448 534.519
450 492.745
452 515.12
454 516.819
456 517.87
458 515.722
460 598.038
462 538.726
464 560.585
466 547.704
468 628.156
470 578.15
472 549.872
474 762.17
476 592.05
478 549.601
480 532.97
482 535.206
484 593.631
486 560.234
488 550.3
490 577.2
492 538.889
494 558.022
496 676.532
498 625.391
500 611.137
502 579.847
504 569.072
506 607.782
508 565.334
510 644.517
512 584.553
514 559.806
516 593.571
518 607.463
520 568.97
522 588.622
524 607.862
526 579.556
528 585.906
530 594.124
532 594.271
534 617.867
536 638.625
538 654.538
540 620.635
542 610.013
544 615.338
546 663.853
548 653.252
550 604.327
552 609.601
554 704.3
556 740.078
558 669.364
560 649.515
562 625.556
564 635.91
566 656.752
568 705.912
570 627.486
572 633.622
574 628.239
576 650.852
578 647.67
580 640.712
582 694.318
584 770.532
586 731.238
588 651.529
590 650.334
592 664.663
594 707.437
596 761.903
598 677.968
600 695.675
602 658.007
604 738.077
606 686.226
608 743.686
610 752.721
612 675.394
614 752.627
616 747.884
618 732.219
620 747.834
622 730.456
624 800.376
626 716.885
628 692.977
630 742.633
632 709.312
634 862.513
636 745.108
638 717.406
640 712.203
642 808.877
644 727.375
646 818.031
648 837.659
650 813.771
652 756.897
654 799.987
656 810.077
658 738.479
660 773.031
662 768.105
664 791.193
666 778.329
668 782.741
670 828.583
672 845.096
674 843.396
676 867.366
678 748.18
680 751.405
682 758.675
684 806.72
686 819.929
688 822.654
690 875.141
692 798.067
694 788.112
696 848.611
698 847.216
700 814.537
702 839.207
704 774.309
706 794.007
708 832.742
710 900.632
712 1057.44
714 822.782
716 784.821
718 965.035
720 1496.43
722 811.237
724 886.375
726 922.741
728 849.483
730 1120.48
732 1060.17
734 878.527
736 809.344
738 904.943
740 918.196
742 1310.75
744 1006.84
746 1002.9
748 979.197
750 955.16
752 922.557
754 1070.35
756 988.815
758 840.487
760 840.773
762 1104.99
764 954.127
766 968.145
768 1001.19
770 915.673
772 858.581
774 884.675
776 3647.01
778 897.7
780 896.218
782 974.972
784 1001.67
786 976.304
788 916.544
790 1061.1
792 921.486
794 905.089
796 914.799
798 976.15
800 889.832
802 981.314
804 973.135
806 1032.02
808 988.866
810 1011.62
812 935.539
814 902.154
816 928.681
818 918.315
820 1022.62
822 1076.96
824 963.439
826 1005.68
828 951.753
830 959.914
832 926.055
834 919.671
836 964.131
838 1042.27
840 938.77
842 986.297
844 991.146
846 991.241
848 993.409
850 987.91
852 979.057
854 961.044
856 1039.6
858 989.076
860 1002.16
862 1114.53
864 1053.82
866 1102.85
868 1139.7
870 1025.53
872 973.681
874 1031.66
876 990.403
878 977.419
880 1016.15
882 1151.34
884 1118.65
886 1090.88
888 1064.79
890 1013.6
892 1071.38
894 1030.97
896 1004.79
898 1080.42
900 1076.11
902 1023.26
904 1032.6
906 1013.15
908 1078.24
910 1083.31
912 1053.01
914 1047.07
916 1076.28
918 1235.25
920 1028.5
922 1063.18
924 1082.99
926 1038.08
928 1101.51
930 1054.08
932 1049.77
934 1241.43
936 1066.62
938 1098.92
940 1128.48
942 1165.57
944 1177.07
946 1172.1
948 1157.72
950 1185.22
952 1264.67
954 1234.37
956 1197.63
958 1173.17
960 1247.88
962 1118.82
964 1301.7
966 1127.16
968 1129.46
970 1151.74
972 1133.59
974 1153.36
976 1112.52
978 1113.32
980 1095.38
982 1119.11
984 1253.92
986 1367
988 1501.35
990 1317.62
992 1141.19
994 1136
996 1178.09
998 1203.67
1000 1228.84
