2 21887.5
4 22004.8
6 21774.6
8 21887.2
10 21969.7
12 22180.4
14 22072.5
16 22389.9
18 23832.1
20 22280
22 22274.2
24 22472.8
26 22068
28 21894.3
30 22280.9
32 22530.3
34 22142.6
36 22007.3
38 22140.6
40 22032
42 22104.2
44 21812.9
46 22111.2
48 22247.3
50 22104.7
52 22001.4
54 22196.1
56 22305
58 22302.3
60 22062.3
62 21961.9
64 22047.2
66 22024.5
68 21906.5
70 22470.6
72 22143.8
74 21654.8
76 21816.7
78 22244.3
80 22037.2
82 22054.9
84 22537.8
86 21989.9
88 22255.1
90 22219.3
92 22066.6
94 21905.5
96 39104
98 21988.7
100 22131
102 21917.1
104 22145.2
106 22075.6
108 22040.7
110 22358.7
112 22122.4
114 21800
116 22216
118 22028.9
120 22234.3
122 22136.2
124 22860.1
126 22379.9
128 21974.1
130 22033.1
132 22033.6
134 21989.2
136 22294.2
138 21971.8
140 22058.5
142 22425.1
144 22128.9
146 22169.9
148 22104.2
150 22177.4
152 21962.6
154 21942.9
156 21978.4
158 22353.6
160 22206.9
162 22035.1
164 23233.5
166 22333.2
168 22227.1
170 22095.1
172 21975.9
174 22048.9
176 21970.1
178 22055.6
180 22170.8
182 22299.7
184 25332
186 22280.7
188 21981.9
190 22165
192 22119.5
194 22004.9
196 22206
198 21964.5
200 22347.7
202 22126
204 22174
206 22280.6
208 22126
210 22214.8
212 22067.7
214 22519.2
216 22428.4
218 22289.4
220 22215.7
222 22618.4
224 21957
226 21849.1
228 21787.4
230 21944.3
232 22167.6
234 22051.5
236 22139.3
238 21907.8
240 22127.7
242 22005.5
244 22336.8
246 22045.8
248 21963.3
250 21879.4
252 22055.1
254 21803.4
256 22309
258 22089.5
260 21990
262 22121
264 22143.8
266 22569.6
268 21970.2
270 22101.5
272 22680.7
274 21942.4
276 21866.2
278 21937.3
280 21824.5
282 22081
284 22202.3
286 22196.8
288 22338.9
290 21994.3
292 21933.7
294 21796.3
296 21781.2
298 22401.6
300 22127.8
302 22376.2
304 22390.3
306 22144.7
308 21999.6
310 21774.4
312 22183.4
314 22091.6
316 21723.3
318 21614.3
320 22007.5
322 22029.9
324 22030.1
326 21879.9
328 21870.4
330 22172
332 22056.9
334 22071.6
336 22070.2
338 21918.4
340 22062.3
342 21776.5
344 21966.9
346 22078.4
348 22482.4
350 21998.6
352 22274.2
354 21902.1
356 22051.4
358 22011.6
360 22367.8
362 22126.4
364 22045.5
366 22119.8
368 22013.3
370 22264.1
372 22319.8
374 22041.1
376 22202.8
378 21906.7
380 21881.5
382 21789.5
384 21963
386 22098.9
388 21933.5
390 22325.3
392 21972.7
394 22038.2
396 21962.9
398 22180.6
400 22257.2
402 22260.9
404 22328.1
406 22169.7
408 21922
410 21633.3
412 21837.2
414 22029.2
416 22210.9
418 22367.1
420 22000.6
422 21921.3
424 22174.2
426 22370.2
428 22013.6
430 22127.6
432 22135.3
434 26718.7
436 22361.4
438 22096.2
440 22179
442 22269.3
444 21963.5
446 21866.7
448 21841.4
450 22385.3
452 22276.7
454 22414.5
456 22001.1
458 22394.7
460 22253.1
462 21994.2
464 22406
466 22332.4
468 22269.6
470 21813.5
472 22072.8
474 22158.4
476 22079.7
478 22172.9
480 22049
482 22224.9
484 22191.2
486 21951.4
488 22129.3
490 21861
492 22011.3
494 21941.5
496 22482.4
498 22092.5
500 22155.9
502 21889
504 21795.1
506 21973.3
508 22063.2
510 22293.2
512 22275.7
514 22049.1
516 22240.1
518 22247.2
520 22064.1
522 22093.9
524 22027
526 21916
528 22154.4
530 22225.2
532 21694.7
534 22269.8
536 22202.7
538 22401.7
540 22073.6
542 22260.9
544 22153.6
546 22038.2
548 22237.3
550 22178.7
552 22407.5
554 22522
556 22187.3
558 22047
560 22115.6
562 22236.1
564 22067.9
566 22367.2
568 22089.1
570 21709.2
572 21927.9
574 22161.9
576 22156.5
578 22208.4
580 22188.6
582 22408.3
584 22113.4
586 22142.5
588 21969.6
590 21978.9
592 21779.9
594 21924.6
596 21701.8
598 21838.4
600 21868
602 22072.5
604 22019.3
606 22172.3
608 22002.1
610 22250.5
612 22164.4
614 21967.2
616 22118.7
618 21915.4
620 22268.3
622 22260.8
624 21982.3
626 21858.1
628 22063.9
630 22109.4
632 22059.7
634 22090.3
636 22042.5
638 22288.4
640 22581.3
642 22213.7
644 22141.7
646 21989.9
648 21862.7
650 22108.7
652 22012.8
654 22047
656 21948.5
658 21979.3
660 22115.5
662 22188.9
664 22326.5
666 22034.2
668 22020.8
670 22092
672 22514.3
674 22017.7
676 22007.9
678 22013
680 21978.1
682 21917.4
684 21776.2
686 21923.8
688 22070.4
690 21945.4
692 22196.9
694 22278.1
696 22042.1
698 22277
700 22194.8
702 22103
704 22172.6
706 22095.8
708 22015.3
710 22130.4
712 22549.1
714 21983
716 22021.4
718 22000
720 22304.1
722 22422.9
724 22226.7
726 22048.8
728 22296.7
730 22360.8
732 22316.8
734 22117.5
736 22443
738 22010
740 21979.8
742 22149.2
744 21967.8
746 21698.5
748 22149.1
750 22102.8
752 22187.9
754 21918.2
756 22184.3
758 22117.2
760 22227.8
762 22267
764 22066.4
766 22076
768 22107.5
770 21901
772 21924.3
774 22008.5
776 21928.3
778 21847.9
780 21933.9
782 21741.9
784 21911.1
786 22287.2
788 22192.7
790 21852.8
792 22087.5
794 22188.4
796 21927.6
798 22396.2
800 22032.8
802 22150.4
804 22132.1
806 22316.7
808 22513.8
810 22171.2
812 21876.3
814 22359.7
816 22307.9
818 22262.6
820 21796
822 21981.1
824 21850.2
826 22021.8
828 21738.8
830 21923.4
832 21813.8
834 22152.2
836 21874.6
838 22183.8
840 21978.1
842 22209.7
844 21857.6
846 22209.1
848 21989.2
850 22560.4
852 22017.2
854 21886.7
856 21707.4
858 21981.8
860 21988.1
862 21954.2
864 22209
866 22249.5
868 21904.2
870 22127.9
872 22227.7
874 22226.8
876 22122
878 22687.3
880 22103.1
882 22123.5
884 21962
886 21994
888 22314.9
890 22044.4
892 22044.2
894 22270.3
896 22482.8
898 22973.4
900 22632.3
902 22611.4
904 22527.2
906 22236.5
908 22103.7
910 21944.6
912 21993.9
914 21875.8
916 21795.9
918 22017
920 21995.7
922 22226.1
924 22158.8
926 21971.5
928 22068.2
930 21949.3
932 22119.9
934 22316.4
936 22429.4
938 22223.6
940 22051.6
942 22188.7
944 22162.4
946 21982.7
948 21980.9
950 21857.7
952 21973
954 22259.8
956 21967.3
958 22153.8
960 22043.5
962 22392.8
964 22128
966 21852.9
968 22002.9
970 22084.6
972 22230.2
974 22085.1
976 22154.3
978 22072.7
980 22378.5
982 22131.7
984 22339.2
986 22487.6
988 22144.9
990 22199.7
992 22105.1
994 22260.3
996 22183.7
998 23844.8
1000 22062.3
