0 176.409
1 119.203
2 133.399
3 114.298
4 112.298
5 111.727
6 111.238
7 111.185
8 110.559
9 110.601
10 133.804
11 126
12 109.496
13 109.316
14 109.227
15 122.401
16 123.003
17 108.134
18 108.518
19 108.654
20 108.025
21 137.432
22 108.105
23 108.901
24 109.493
25 108.096
26 118.035
27 107.379
28 106.804
29 123.113
30 123.742
31 120.763
32 107.559
33 107.48
34 108.052
35 107.983
36 124.708
37 107.66
38 108.268
39 107.382
40 123.355
41 107.211
42 131.051
43 107.636
44 152.506
45 107.809
46 109.322
47 121.19
48 160.542
49 107.657
50 129.075
51 106.704
52 123.984
53 107.748
54 117.117
55 108.899
56 109.66
57 108.082
58 109.293
59 133.431
60 147.88
61 120.854
62 133.812
63 122.171
64 132.275
65 107.406
66 109.17
67 124.527
68 134.29
69 107.067
70 107.33
71 124.184
72 108.512
73 107.824
74 107.253
75 115.364
76 109.343
77 124.495
78 124.091
79 158.351
80 109.453
81 107.272
82 122.53
83 106.976
84 127.409
85 107.977
86 108.857
87 109.103
88 109.118
89 107.074
90 109.071
91 107.488
92 108.649
93 122.941
94 116.696
95 131.026
96 121.76
97 107.393
98 109.031
99 107.526
100 108.401
101 107.079
102 109.562
103 107.364
104 108.606
105 107.469
106 108.629
107 108.466
108 109.744
109 130.343
110 109.276
111 136.509
112 138.538
113 120.7
114 109.423
115 107.067
116 109.077
117 107.615
118 108.778
119 109.919
120 109.883
121 138.723
122 157.291
123 117.913
124 108.647
125 115.424
126 109.505
127 107.632
128 109.7
129 107.249
130 126.406
131 107.144
132 110.096
133 133.2
134 109.267
135 107.005
136 109.171
137 129.921
138 109.136
139 133.36
140 118.477
141 107.981
142 110.731
143 139.575
144 109.777
145 107.087
146 110.159
147 107.481
148 110.122
149 129.567
150 110.546
151 109.263
152 123.305
153 108.096
154 131.693
155 107.985
156 128.258
157 106.915
158 109.724
159 108.205
160 111.192
161 121.043
162 123.241
163 106.908
164 109.919
165 107.361
166 110.744
167 120.313
168 108.923
169 107.062
170 109.17
171 124.004
172 108.846
173 123.373
174 109.268
175 153.882
176 114.632
177 120.005
178 110.097
179 120.37
180 110.282
181 129.373
182 119.458
183 110.121
184 110.565
185 107.255
186 119.136
187 107.632
188 109.575
189 106.877
190 109.866
191 107.309
192 110.28
193 105.834
194 143.664
195 108.175
196 108.824
197 107.42
198 108.856
199 130.866
200 127.701
201 106.795
202 118.945
203 107.335
204 109.991
205 107.097
206 110.085
207 131.093
208 109.026
209 109.138
210 110.368
211 177.514
212 109.823
213 108.744
214 124.561
215 110.912
216 133.237
217 121.237
218 139.378
219 108.722
220 110.942
221 147.173
222 110.885
223 116.45
224 111.254
225 129.719
226 130.108
227 120.974
228 110.187
229 162.64
230 141.097
231 108.118
232 111.13
233 108.169
234 110.62
235 108.203
236 109.756
237 120.644
238 109.579
239 109.569
240 119.459
241 107.78
242 109.653
243 117.114
244 110.112
245 108.326
246 110.29
247 109.598
248 109.914
249 107
250 109.615
251 107.227
252 110.051
253 131.333
254 126.431
255 107.59
256 110.16
257 108.059
258 109.829
259 121.144
260 124.188
261 121.7
262 109.71
263 108.479
264 109.718
265 122.686
266 116.727
267 121.012
268 110.056
269 106.908
270 109.843
271 122.776
272 109.615
273 107.361
274 109.988
275 108.023
276 124.529
277 126.865
278 109.663
279 110.516
280 124.382
281 107.498
282 133.281
283 122.909
284 109.773
285 107.489
286 109.26
287 107.44
288 109.386
289 107.382
290 130.262
291 136.5
292 109.475
293 109.008
294 109.741
295 107.437
296 124.135
297 121.996
298 110.151
299 120.2
300 111.635
301 115.177
302 109.946
303 132.514
304 131.448
305 107.887
306 109.982
307 120.016
308 110.033
309 107.762
310 123.282
311 109.404
312 110.075
313 107.636
314 109.925
315 128.054
316 110.787
317 107.125
318 109.246
319 127.222
320 121.64
321 130.784
322 162.397
323 115.432
324 109.908
325 115.287
326 109.374
327 108.266
328 122.923
329 178.077
330 110.83
331 107.124
332 109.441
333 107.506
334 136.961
335 107.059
336 126.895
337 122.995
338 132.511
339 108.661
340 110.159
341 131.94
342 122.938
343 109.179
344 111.774
345 107.651
346 123.215
347 109.18
348 143.184
349 107.866
350 110.628
351 127.614
352 121.377
353 147.038
354 123.75
355 107.203
356 109.336
357 107.312
358 109.097
359 107.489
360 110.047
361 108.242
362 124.592
363 107.457
364 136.306
365 120.963
366 109.392
367 107.719
368 108.399
369 106.547
370 112.119
371 122.671
372 108.45
373 107.348
374 127.799
375 120.049
376 108.533
377 106.882
378 122.769
379 106.94
380 121.461
381 106.227
382 136.452
383 124.933
384 107.707
385 106.688
386 115.518
387 106.504
388 108.895
389 143.192
390 123.54
391 121.486
392 108.846
393 105.877
394 134.26
395 107.741
396 109.35
397 106.851
398 138.24
399 120.016
400 108.602
401 107.505
402 112.987
403 109.699
404 108.639
405 132.575
406 110.802
407 120.151
408 108.844
409 147.483
410 108.564
411 120.392
412 109.776
413 106.568
414 107.988
415 107.219
416 117.845
417 107.392
418 108.547
419 106.417
420 122.016
421 106.597
422 108.375
423 120.187
424 108.941
425 106.847
426 108.483
427 120.195
428 108.606
429 106.556
430 108.832
431 107.877
432 118.418
433 106.436
434 114.806
435 121.492
436 109.183
437 106.508
438 123.212
439 107.266
440 162.58
441 139.622
442 110.42
443 106.645
444 109.282
445 107.294
446 126.105
447 106.901
448 108.809
449 106.904
450 152.086
451 106.249
452 108.187
453 106.262
454 108.367
455 119.676
456 118.975
457 139.243
458 109.558
459 120.215
460 109.366
461 108.366
462 122.068
463 106.654
464 127.941
465 120.3
466 367.37
467 107.294
468 109.705
469 121.082
470 110.058
471 105.505
472 108.579
473 105.873
474 108.768
475 106.196
476 108.204
477 106.976
478 108.575
479 107.006
480 108.824
481 106.74
482 108.691
483 153.609
484 109.054
485 106.49
486 109.02
487 106.404
488 108.186
489 106.666
490 108.627
491 106.709
492 107.977
493 162.581
494 108.007
495 107.443
496 123.854
497 106.585
498 134.641
499 137.348
500 108.918
501 106.653
502 125.091
503 106.817
504 108.96
505 106.725
506 108.495
507 106.748
508 124.611
509 116.695
510 109.093
511 106.219
512 121.754
513 107.149
514 108.811
515 146.405
516 107.829
517 106.629
518 108.78
519 137.346
520 132.232
521 106.698
522 123.482
523 105.969
524 107.939
525 123.565
526 107.788
527 106.818
528 107.731
529 105.953
530 113.443
531 107.134
532 169.87
533 106.167
534 110.471
535 161.736
536 121.41
537 106.56
538 109.042
539 106.066
540 137.053
541 120.543
542 115.266
543 120.381
544 108.205
545 120.194
546 108.247
547 127.26
548 131.719
549 126.093
550 108.972
551 121.991
552 108.546
553 107.668
554 146.019
555 115.4
556 155.754
557 120.217
558 134.137
559 137.634
560 121.99
561 136.001
562 129.673
563 107.435
564 125.313
565 141.587
566 140.992
567 106.793
568 110.093
569 106.176
570 108.355
571 107.024
572 120.066
573 108.815
574 109.267
575 120.95
576 119.473
577 189.024
578 128.807
579 109.714
580 125.786
581 109.773
582 152.911
583 109.702
584 136.092
585 109.491
586 111.846
587 109.359
588 112.221
589 122.683
590 111.394
591 109.073
592 112.048
593 110.029
594 125.994
595 113.863
596 111.844
597 122.915
598 111.172
599 123.183
600 111.677
601 107.344
602 110.088
603 107.845
604 118.142
605 107.944
606 147.864
607 108.332
608 111.174
609 107.94
610 123.84
611 108.193
612 125.778
613 107.89
614 110.859
615 124.512
616 111.053
617 108.018
618 110.802
619 122.31
620 119.226
621 118.75
622 110.404
623 108.56
624 111.084
625 108.658
626 111.738
627 113.734
628 111.519
629 122.559
630 109.659
631 136.246
632 131.688
633 124.378
634 110.542
635 107.563
636 110.295
637 476.655
638 125.342
639 121.077
640 109.552
641 120.989
642 118.124
643 124.157
644 109.575
645 136.289
646 110.806
647 107.189
648 111.103
649 109.55
650 127.197
651 109.638
652 111.602
653 123.666
654 138.516
655 109.122
656 111.479
657 109.432
658 127.697
659 113.723
660 111.175
661 108.093
662 110.655
663 109.248
664 110.325
665 107.15
666 124.762
667 128.653
668 111.357
669 107.323
670 133.02
671 108.524
672 111.467
673 144.118
674 109.737
675 108.261
676 134.311
677 108.584
678 120.38
679 108.371
680 112.186
681 172.721
682 110.964
683 109.368
684 111.596
685 126.305
686 111.179
687 108.725
688 146.125
689 110.1
690 125.154
691 114.271
692 112.626
693 109.645
694 137.047
695 123.074
696 148.477
697 107.337
698 110.217
699 107.915
700 124.737
701 108.815
702 109.984
703 108.725
704 110.413
705 124.672
706 119.683
707 109.181
708 110.254
709 115.62
710 109.9
711 107.553
712 110.694
713 107.876
714 111.099
715 108.854
716 113.267
717 108.998
718 111.186
719 109.665
720 136.675
721 109.97
722 111.746
723 112.413
724 111.843
725 108.454
726 110.188
727 109.203
728 110.023
729 115.34
730 110.411
731 107.131
732 110.024
733 107.25
734 109.373
735 107.557
736 109.656
737 107.112
738 120.887
739 152.741
740 123.412
741 108.348
742 109.309
743 107.557
744 150.362
745 107.971
746 124.232
747 108.891
748 111.199
749 109.547
750 110.666
751 123.348
752 110.636
753 107.962
754 110.577
755 124.563
756 111.961
757 109.061
758 111.367
759 124.052
760 110.283
761 116.066
762 109.975
763 107.355
764 109.54
765 107.663
766 109.89
767 107.96
768 111.083
769 120.126
770 125.969
771 107.544
772 109.304
773 106.983
774 112.843
775 108
776 126.396
777 107.317
778 109.23
779 107.313
780 126.991
781 117.059
782 121.843
783 107.435
784 109.731
785 135.018
786 115.595
787 107.5
788 110.263
789 106.791
790 111.674
791 107.214
792 128.653
793 106.789
794 109.345
795 134.16
796 109.061
797 119.624
798 194.749
799 121.827
800 109.401
801 106.311
802 136.247
803 106.752
804 110.321
805 114.056
806 135.15
807 108.896
808 121.882
809 107.378
810 127.047
811 124.085
812 130.393
813 106.816
814 137.295
815 114.395
816 128.81
817 106.179
818 116.428
819 106.593
820 125.708
821 106.898
822 119.032
823 107.031
824 109.601
825 124.581
826 122.272
827 107.363
828 122.146
829 107.178
830 109.612
831 118.993
832 109.086
833 122.819
834 108.956
835 107.27
836 108.502
837 106.481
838 140.317
839 122.826
840 109.35
841 119.928
842 108.367
843 119.907
844 109.187
845 106.745
846 134.679
847 120.015
848 109.588
849 107.279
850 116.66
851 106.895
852 109.78
853 115.104
854 123.276
855 119.366
856 136.922
857 125.444
858 108.823
859 106.869
860 122.296
861 107.261
862 123.075
863 119.707
864 142.711
865 106.576
866 108.185
867 106.099
868 108.778
869 106.977
870 108.448
871 107.728
872 108.13
873 107.372
874 108.731
875 107.032
876 108.09
877 106.775
878 108.865
879 107.183
880 109.201
881 124.813
882 127.894
883 109.366
884 121.643
885 107.159
886 124.737
887 109.187
888 127.502
889 107.267
890 126.441
891 107.569
892 109.827
893 119.53
894 131.756
895 107.75
896 109.205
897 119.861
898 125.793
899 136.313
900 109.981
901 107.899
902 112.506
903 106.964
904 113.467
905 107.261
906 110.034
907 107.317
908 123.141
909 107.531
910 123.191
911 107.539
912 110.228
913 131.002
914 126.838
915 128.126
916 111.586
917 135.364
918 111.054
919 121.47
920 145.41
921 108.842
922 150.965
923 107.972
924 128.413
925 108.107
926 132.961
927 108.526
928 110.935
929 107.35
930 109.488
931 115
932 161.045
933 108.173
934 109.579
935 124.19
936 137.352
937 107.662
938 109.744
939 108.11
940 109.955
941 120.122
942 109.158
943 107.142
944 145.347
945 115.121
946 108.847
947 106.945
948 125.645
949 116.863
950 108.548
951 106.641
952 109.022
953 106.533
954 109.64
955 106.765
956 108.827
957 120.021
958 123.102
959 107.337
960 108.743
961 107.051
962 108.891
963 107.028
964 108.61
965 106.938
966 109.466
967 107.271
968 108.747
969 120.214
970 109.201
971 126.464
972 109.232
973 133.17
974 109.14
975 140.456
976 122.725
977 135.521
978 121.164
979 105.516
980 107.157
981 119.177
982 108.01
983 105.587
984 107.83
985 138.914
986 109.078
987 107.051
988 109.705
989 134.516
990 124.103
991 128.828
992 109.909
993 107.583
994 140.347
995 121.94
996 113.795
997 113.967
998 109.309
999 137.698
