0 27595.2
1 21544.2
2 22305.9
3 21076
4 20637.2
5 20336
6 20464.2
7 21196.4
8 20964.5
9 20608.9
10 20453.5
11 20401.2
12 20803.4
13 20467.1
14 20412.5
15 20357.8
16 20781.4
17 20364.5
18 20384.8
19 20303.5
20 20333.1
21 20146.4
22 20292.5
23 20162.5
24 21733.3
25 21064.6
26 20851.1
27 21051.3
28 20315.1
29 20398.9
30 20283.6
31 20624.1
32 21436.9
33 20248
34 20328.1
35 20408.9
36 20428.1
37 20270.6
38 20368.7
39 20221.4
40 20257.9
41 20412.5
42 20252.9
43 20423.9
44 20330.6
45 21211.4
46 20850.8
47 20913.1
48 21054.2
49 20421.3
50 20288
51 20370.5
52 20094.6
53 20472.2
54 27949.9
55 22450.5
56 21106.6
57 20224.3
58 20540.6
59 21116.9
60 20236.4
61 20603.5
62 21531.3
63 20422.2
64 20165.3
65 20180.9
66 21054.2
67 20219.8
68 20178.6
69 20033.8
70 20193.6
71 20001.3
72 20519.7
73 22180.7
74 20630.2
75 20614.1
76 20640.3
77 20428.3
78 20503.6
79 20255.2
80 20210
81 20197
82 20164
83 20435.8
84 21351.3
85 20343.7
86 20341.4
87 20028.4
88 20041.1
89 20158.3
90 20831
91 20331.1
92 20174.4
93 20788.1
94 20267.1
95 20975.3
96 20599.8
97 21079.2
98 21734.4
99 20721.9
100 20576.3
101 20521.5
102 21042.6
103 20360.5
104 20369.6
105 20368.7
106 20310.8
107 20934.1
108 20443.5
109 20303.7
110 20240.8
111 20149.7
112 20535.6
113 20422.9
114 20659.3
115 20262.8
116 20160.4
117 20107.7
118 20009
119 20104
120 20474.8
121 21063.8
122 21087.8
123 20492.7
124 20307.8
125 20642.9
126 20648.9
127 21916.4
128 21092.1
129 22356.6
130 21733.5
131 21725.3
132 21009.2
133 20781.1
134 20465.4
135 24137.8
136 21805.2
137 21207
138 21096.9
139 20110.5
140 20343.1
141 19991.1
142 20145.4
143 21383.2
144 20723.2
145 20441.9
146 20515.7
147 20207.9
148 20133
149 20163.3
150 20238.9
151 20605.8
152 20619.7
153 20264.2
154 20263.5
155 20410
156 21544.5
157 20464.3
158 20351.9
159 20211.7
160 20334.3
161 20498.8
162 21014.2
163 20478.9
164 20210.6
165 20412.1
166 20355.3
167 20440.5
168 21827.9
169 20410.7
170 21647.8
171 20532.7
172 20344.7
173 20617.5
174 20546.2
175 20489.7
176 20754.6
177 20580.4
178 20364.3
179 20166.1
180 20795.2
181 20268.5
182 20303.3
183 20927.6
184 20354.4
185 20324
186 20373.4
187 20573
188 20328.7
189 20341.4
190 20825.8
191 20833.4
192 20360
193 22528.2
194 20389.6
195 20229.1
196 20885.8
197 20875.8
198 20861.4
199 20730.5
200 20890.8
201 20733.9
202 22423
203 22603.6
204 20654.2
205 20880.9
206 20880.6
207 20580.2
208 20675.9
209 20645
210 20930
211 20958.2
212 20062.7
213 20198.7
214 20261.5
215 20260.1
216 21253
217 20697.9
218 20746
219 20429.5
220 20070.7
221 20332.3
222 20120.5
223 20667.3
224 20380.1
225 20206.6
226 20287.6
227 20199.6
228 20033.1
229 20282.9
230 19905.3
231 20276.8
232 20146.2
233 20177.7
234 20254.4
235 20495.2
236 20204.5
237 20178.8
238 20297.9
239 20305.2
240 20990.9
241 20896.7
242 20804
243 20335.8
244 20317.6
245 20476.7
246 20749.3
247 20446.7
248 20538.5
249 20420.9
250 20245.4
251 20436.6
252 20431.8
253 21209.2
254 20518.7
255 20325.5
256 20395.3
257 20832.3
258 20951.3
259 20566.6
260 20084.5
261 19807.1
262 20104.8
263 20630.4
264 20105.6
265 22064.6
266 20918.7
267 20266.6
268 20611.4
269 20229.4
270 20035.9
271 20305
272 20195.7
273 20726.5
274 21907.3
275 21305.3
276 22033.2
277 20947.6
278 21093.2
279 20595
280 20120.5
281 20456
282 20318.1
283 20500.4
284 20159.9
285 20093.1
286 20310.9
287 19984.2
288 20829.2
289 20366.2
290 20648.9
291 20508.3
292 20315.6
293 20266.8
294 20231.3
295 20250.2
296 19992.3
297 20270.7
298 20158.7
299 20069.5
300 20113.5
301 19943.5
302 20566.7
303 20831.4
304 20093.6
305 20128.4
306 20422.2
307 20379.9
308 20323.1
309 20257.9
310 20193.5
311 20207.9
312 21262.2
313 20897.6
314 20632.2
315 20942.6
316 20437.9
317 20611.1
318 21025.4
319 20326.1
320 20269.9
321 20550.6
322 20463.5
323 20320.6
324 20214.8
325 20953.1
326 20366
327 20213.7
328 20416.4
329 20101.8
330 20239.9
331 20245.3
332 21064.1
333 20268.3
334 20103.1
335 20121.7
336 20242.9
337 20352.5
338 21059.6
339 20404
340 20429.9
341 20345.7
342 20763.9
343 20516.1
344 20420.6
345 20221.4
346 20585.9
347 20575.3
348 21440.8
349 21496.3
350 21497.4
351 21060.1
352 20806.6
353 20808.1
354 21133.3
355 20643.9
356 20877.5
357 20365.7
358 20303.2
359 19968.1
360 20165.7
361 19911.1
362 22280.3
363 20712.9
364 20225.8
365 20496.9
366 20292.7
367 20183.4
368 20391.3
369 20393.7
370 20113.8
371 20122
372 20283.4
373 20040.9
374 20394.2
375 20382.1
376 23642.2
377 21391.3
378 21231.1
379 20845.8
380 20599
381 20339.6
382 20664.4
383 20347.1
384 20211.3
385 20940.3
386 20710.1
387 21466.4
388 20411.6
389 20201.2
390 21173.8
391 20288.2
392 20384.1
393 20082.1
394 20280.3
395 19975.7
396 20099.9
397 20082.7
398 20738.9
399 20230.7
400 20460.4
401 20178.8
402 20014.2
403 20320.9
404 20330.1
405 20699.2
406 20064.1
407 20070.3
408 20252.8
409 20327.9
410 24447.6
411 20960.8
412 20792.8
413 20442.3
414 20499.4
415 20117.9
416 20268.4
417 20159.4
418 20363
419 20064.5
420 20402.5
421 21641.6
422 21252.3
423 21714.2
424 20836.7
425 20712.9
426 20574.5
427 20311.3
428 20556
429 20242.9
430 20420.7
431 20096.7
432 20332.4
433 20564.5
434 20550.4
435 21077.8
436 20105.8
437 20741.9
438 20087.7
439 20171.6
440 20477.8
441 20020.3
442 20178.3
443 21240.1
444 20370.1
445 20458.5
446 20962.2
447 20452.8
448 20204.6
449 20172.2
450 21160.6
451 20191
452 20387.2
453 20543.9
454 20245.9
455 20083.5
456 20424.2
457 20226.9
458 21743.8
459 20715.7
460 20757.3
461 20328.2
462 20183.1
463 20431.4
464 20366
465 21403
466 20593.2
467 20577.6
468 20288.4
469 20291
470 20714.2
471 20514.4
472 20362.3
473 20711.9
474 20407.1
475 20484.3
476 20289.8
477 20615.8
478 20359.8
479 20348.5
480 20372.2
481 20593.7
482 20524.7
483 21034.7
484 20510.4
485 20095
486 20600.8
487 20300.4
488 20120.7
489 19950.8
490 20544.6
491 20289.2
492 20147.1
493 20380.6
494 20576.5
495 21705.5
496 21208.6
497 21399.8
498 21083
499 20771.3
500 20587.2
501 20883.4
502 20320.2
503 20176.9
504 20170.7
505 20166.8
506 20373.8
507 22056.5
508 20664
509 21032.3
510 20807.6
511 20595.5
512 20596.6
513 20404.4
514 20691.7
515 20420.8
516 20278.2
517 20247.6
518 20419.4
519 21299.1
520 20346.5
521 20309.5
522 20519.1
523 20286.9
524 20826.8
525 20542.8
526 20219.3
527 20687.2
528 20895.4
529 20784.7
530 21066.5
531 20664
532 20752
533 20303
534 20274.8
535 20360.2
536 20288.7
537 19976.1
538 20143.7
539 20459.7
540 20288.2
541 19923
542 20176.3
543 20308.5
544 20238.3
545 20086.5
546 20162.4
547 20099.1
548 19883.7
549 21017.7
550 20502.9
551 20079.6
552 20635.2
553 20220.5
554 20140
555 21729.2
556 20804.9
557 20356.9
558 20544.9
559 20275.3
560 20318.8
561 20157.9
562 20316.6
563 20341.4
564 20008.5
565 20310.4
566 20365.1
567 20370.1
568 20910.2
569 21991.1
570 22015.5
571 20719.5
572 20722.1
573 20590.9
574 20257.8
575 20341.4
576 20499.3
577 20140.3
578 20461.7
579 20828.3
580 20423.3
581 20148.2
582 20612.3
583 20098.1
584 20327.4
585 20267.4
586 20322.8
587 20244.5
588 20948.2
589 20345.3
590 20576.7
591 20266.8
592 20231.5
593 20144.4
594 19982.9
595 21396.3
596 20233.4
597 20256.2
598 20257.6
599 20523.4
600 20036.3
601 20205.7
602 20263
603 22540.2
604 21565.1
605 20770.3
606 20449
607 20248.2
608 20184.1
609 20178.7
610 20498.2
611 20190.2
612 20115.1
613 25875.4
614 20327
615 19998.6
616 20138.6
617 22503.2
618 22283
619 21544.2
620 21138.4
621 20507.2
622 20314.2
623 20329.4
624 20186.3
625 20233.2
626 20858.7
627 20942.4
628 20847.2
629 20160.7
630 20802.5
631 20071
632 20339.7
633 20210.5
634 20543.4
635 20152.5
636 20064.2
637 20238.5
638 20043.3
639 20234.4
640 20914.7
641 21078.6
642 21203.3
643 21101.1
644 22099.9
645 20290.4
646 21231
647 20396.5
648 20742.5
649 20256.1
650 20192.8
651 21400.5
652 20679.4
653 20994.8
654 20722.2
655 20240.7
656 20356.5
657 20195.9
658 20277.3
659 20486.6
660 20205.8
661 20138.9
662 20182.2
663 20973.1
664 20241.8
665 20167.7
666 20623.9
667 20254.1
668 20286.9
669 20207
670 20416.3
671 20182.6
672 20064.6
673 20281.7
674 20325.4
675 20359.3
676 21094.4
677 20389.1
678 20173.9
679 20142.1
680 20742.8
681 20665
682 20163.6
683 20186.3
684 20099.3
685 20288.3
686 20271
687 20197.2
688 20651.3
689 20215.7
690 20281.2
691 20064.1
692 20171.7
693 20133.3
694 20311.5
695 20192.1
696 20495.3
697 20498.9
698 20170.4
699 20156.2
700 21294.6
701 20903.8
702 20248.9
703 20391.2
704 20347.9
705 20196.7
706 20139.3
707 20296.8
708 20878.4
709 20031.9
710 20242
711 20186.1
712 20733
713 20003.6
714 20678
715 21556.3
716 21166.9
717 21405.2
718 21092.2
719 20528.9
720 20311
721 20664.4
722 20121.2
723 20924.4
724 20555.1
725 20953.6
726 20499.3
727 20334.7
728 20556
729 20882.8
730 20624.4
731 20291.9
732 20531.5
733 20675.9
734 20440.4
735 20339
736 20396.1
737 20888.3
738 20350.5
739 20214.6
740 20560.2
741 20301.9
742 20478.1
743 20278.9
744 20374.6
745 20649.1
746 20347
747 20251.1
748 21283.3
749 20501
750 20887.3
751 20135.8
752 20235.7
753 20316.2
754 20285.2
755 20482.9
756 20276.9
757 20243.9
758 20457
759 20284.2
760 20349.5
761 20141.4
762 20123.6
763 20041.1
764 20661.7
765 20338
766 20247.4
767 20411.8
768 20131.3
769 20131.4
770 22097.7
771 20477.2
772 20424.1
773 21012.6
774 22666.7
775 20196.6
776 20455
777 20426.3
778 20641.2
779 20199.2
780 19983.5
781 20378.2
782 20224.7
783 20403.3
784 20184.9
785 20283.4
786 20965.7
787 20286.1
788 20420.4
789 21021.1
790 21062.8
791 20978.5
792 21327.9
793 20719.5
794 20748.8
795 20348.4
796 20072.2
797 22144.1
798 20990.4
799 20176.4
800 20498.4
801 20277.9
802 20133.4
803 20177.1
804 20480.4
805 20258.9
806 20070.6
807 20113.3
808 20312.7
809 20262.5
810 20118.1
811 20233
812 20209.5
813 20135.6
814 20869.3
815 20292.9
816 20313.7
817 20094.4
818 20726.5
819 19994
820 22149.9
821 20790.9
822 20387
823 20452.2
824 20056.4
825 20128.3
826 20283.4
827 20336.5
828 20318.9
829 20035.9
830 20054
831 20020.9
832 20371.4
833 20372.7
834 20207.8
835 20325.3
836 20119.4
837 23718.6
838 20277.4
839 20222.7
840 20195
841 20043.1
842 20223.6
843 20440.2
844 20333
845 28209.3
846 21365.8
847 20417
848 20358.9
849 20195.4
850 20502.3
851 21081.3
852 20192.9
853 20567.5
854 20203.6
855 20165
856 20979.5
857 23800.2
858 20172.4
859 22641.2
860 21680.7
861 22123.7
862 23089.3
863 20729.2
864 20826.2
865 21957.1
866 20428.4
867 20571.4
868 20894.7
869 20551.7
870 20382.1
871 20587.7
872 20290.4
873 20014.2
874 20633
875 20247.1
876 20311.4
877 20177.1
878 20151
879 20343.6
880 20423.8
881 20188.1
882 20497.7
883 20033.3
884 20219.3
885 20585.4
886 20134.1
887 20096.1
888 20104.2
889 20261.2
890 20717
891 20612.3
892 20750.8
893 21314
894 20948.9
895 20456.3
896 20952.6
897 20220.3
898 20180.1
899 20150.4
900 20202.4
901 20534.9
902 20223.3
903 19988.3
904 20341.1
905 20402.3
906 20128.8
907 20350.3
908 20053
909 20211.2
910 19918.4
911 20555.1
912 20514
913 20167.9
914 20424.8
915 20032.9
916 20147.1
917 21602.8
918 20524
919 20208.2
920 20334.8
921 20069.6
922 20077
923 20414.2
924 20262.2
925 20750.4
926 20568.9
927 20175.4
928 20335.9
929 21019.6
930 21376.6
931 20400.9
932 20355.4
933 20234.5
934 20601
935 20499.1
936 20955.8
937 21589
938 20613.6
939 20384
940 20633.1
941 20623.8
942 22184.5
943 20708.4
944 20440.4
945 20551.8
946 20340.2
947 20423.1
948 20510.5
949 20327.5
950 20472.3
951 20613.8
952 20374.1
953 20424.3
954 21177.1
955 20319.6
956 20742
957 20231.3
958 20500.5
959 20348.7
960 21256.7
961 20293
962 20588.5
963 20434.8
964 20876.1
965 20538.5
966 21292.5
967 20551
968 20809.9
969 20599
970 20624
971 20519.3
972 20764.2
973 20471.3
974 20443.7
975 20584.2
976 20215.8
977 20469.7
978 20623.8
979 20387.1
980 20485.7
981 20159.1
982 20475.7
983 22052.7
984 20154
985 20254.7
986 20237.3
987 20056.5
988 20237.6
989 20719.3
990 21063.9
991 20994.9
992 20303.5
993 20584.3
994 20468.1
995 20128.8
996 20212.1
997 20282.5
998 20234.2
999 19938.6
