0 675.18
1 601.893
2 540.98
3 590.466
4 558.748
5 567.347
6 569.94
7 570.163
8 584.615
9 568.475
10 576.808
11 716.846
12 547.889
13 554.061
14 566.203
15 556.471
16 564.634
17 560.269
18 547.911
19 549.305
20 535.993
21 547.926
22 541.572
23 538.668
24 561.667
25 553.803
26 571.334
27 554.894
28 563.176
29 543.276
30 558.596
31 540.859
32 559.253
33 561.991
34 551.314
35 596.929
36 564.831
37 558.079
38 557.356
39 562.491
40 588.966
41 558.683
42 565.213
43 560.32
44 553.996
45 566.569
46 561.408
47 578.793
48 561.66
49 558.388
50 559.242
51 545.377
52 555.683
53 551.744
54 564.263
55 545.672
56 548.203
57 532.299
58 532.832
59 559.739
60 551.586
61 561.834
62 545.475
63 568.996
64 562.753
65 562.69
66 559.686
67 550.815
68 549.152
69 557.624
70 573.611
71 561.584
72 591.242
73 584.704
74 557.36
75 576.793
76 556.463
77 554.053
78 554.369
79 563.664
80 548.605
81 544.784
82 553.564
83 552.198
84 566.378
85 556.372
86 578.536
87 573.231
88 558.087
89 557.564
90 576.903
91 556.801
92 550.777
93 547.429
94 610.167
95 548.543
96 556.589
97 570.807
98 557.469
99 563.027
100 554.112
101 599.145
102 553.262
103 549.193
104 546.285
105 540.906
106 559.841
107 550.213
108 583.705
109 579.846
110 607.053
111 620.379
112 559.993
113 574.314
114 574.685
115 563.092
116 553.639
117 558.313
118 556.14
119 544.784
120 568.318
121 550.528
122 557.451
123 556.13
124 560.022
125 567.069
126 556.732
127 556.245
128 563.203
129 544.811
130 569.907
131 543.656
132 551.642
133 547.032
134 556.805
135 569.895
136 565.424
137 555.612
138 558
139 562.133
140 550.732
141 552.244
142 550.998
143 538.371
144 565.743
145 545.034
146 585.132
147 555.402
148 557.619
149 555.992
150 552.115
151 558.355
152 557.857
153 550.255
154 593.375
155 560.98
156 545.947
157 557.447
158 579.498
159 566.439
160 578.363
161 566.168
162 558.701
163 568.898
164 553.445
165 555.201
166 553.189
167 542.474
168 597.604
169 559.003
170 554.592
171 564.013
172 571.696
173 564.927
174 558.028
175 567.583
176 552.094
177 553.879
178 559.255
179 542.728
180 558.723
181 560.208
182 568.367
183 551.903
184 571.647
185 593.652
186 562.588
187 557.516
188 565.438
189 549.89
190 561.018
191 544.123
192 546.492
193 547.131
194 552.018
195 604.398
196 562.915
197 601.253
198 554.809
199 566.741
200 557.698
201 560.414
202 548.865
203 542.731
204 559.321
205 538.795
206 558.018
207 545.664
208 585.549
209 557.107
210 554.819
211 578.659
212 555.248
213 564.836
214 548.931
215 543.195
216 559.569
217 541.591
218 560.74
219 560.927
220 566.713
221 565.055
222 557.937
223 560.609
224 568.587
225 567.372
226 555.438
227 549.756
228 539.981
229 562.599
230 553.826
231 543.521
232 563.333
233 564.932
234 571.379
235 557.776
236 575.412
237 558.26
238 558.403
239 554.048
240 545.126
241 563.669
242 547.92
243 587.137
244 568.482
245 582.352
246 580.309
247 555.182
248 554.143
249 562.811
250 550.798
251 548.535
252 543.77
253 552.801
254 552.433
255 549.345
256 563.355
257 559.552
258 565.564
259 562.312
260 621.771
261 549.041
262 543.017
263 557.381
264 550.683
265 606.362
266 530.643
267 539.1
268 565.379
269 557.35
270 560.387
271 564.697
272 572.427
273 553.87
274 554.879
275 561.889
276 536.498
277 537.901
278 541.4
279 613.427
280 550.189
281 545.479
282 567.578
283 558.215
284 556.259
285 548.857
286 566.863
287 548.197
288 535.641
289 556.201
290 552.222
291 562.566
292 556.81
293 566.282
294 555.131
295 550.284
296 553.303
297 540.305
298 547.16
299 532.796
300 544.181
301 536.182
302 545.188
303 560.566
304 562.596
305 570.119
306 548.708
307 553.258
308 547.432
309 536.842
310 565.655
311 535.926
312 555.077
313 561.043
314 562.44
315 556.116
316 562.966
317 552.461
318 543.336
319 532.616
320 542.682
321 565.3
322 559.446
323 559.504
324 548.679
325 548.984
326 570.963
327 543.969
328 545.206
329 536.98
330 526.683
331 548.814
332 543.563
333 562.195
334 554.893
335 565.446
336 547.964
337 613.85
338 556.741
339 550.211
340 536.739
341 531.269
342 550.655
343 536.799
344 554.653
345 555.782
346 547.119
347 546.768
348 543.925
349 536.662
350 531.416
351 526.149
352 543.44
353 531.938
354 568.072
355 553.342
356 571.688
357 542.141
358 546.66
359 528.184
360 532.98
361 551.98
362 530.791
363 570.047
364 554.685
365 559.041
366 558.222
367 541.125
368 542.209
369 528.192
370 554.512
371 543.377
372 557.981
373 554.106
374 569.239
375 547.322
376 558.601
377 610.842
378 560.447
379 547.228
380 534.995
381 533.812
382 541.873
383 536.33
384 547.347
385 564.742
386 550.331
387 548.653
388 553.163
389 538.723
390 535.534
391 565.111
392 528.497
393 597.535
394 544.613
395 557.002
396 558.676
397 553.847
398 581.132
399 556.723
400 570.439
401 568.157
402 555.081
403 532.556
404 531.249
405 548.417
406 546.376
407 565.783
408 557.332
409 546.209
410 546.67
411 541.792
412 559.401
413 541.273
414 534.018
415 568.032
416 547.25
417 559.472
418 558.461
419 568.699
420 535.589
421 560.881
422 545.888
423 542.128
424 545.167
425 537.335
426 564.309
427 545.788
428 565.431
429 564.946
430 563.228
431 555.408
432 550.948
433 542.962
434 551.771
435 570.76
436 544.02
437 570.59
438 553.48
439 559.472
440 567.815
441 553.759
442 572.815
443 549.237
444 537.728
445 543.59
446 544.846
447 565.694
448 599.09
449 553.808
450 559.08
451 558.502
452 570.42
453 551.127
454 559.54
455 544.273
456 545.459
457 549.881
458 584.882
459 561.706
460 551.71
461 554.732
462 550.859
463 562.353
464 562.873
465 555.331
466 584.827
467 560.653
468 545.061
469 539.217
470 563.309
471 553.051
472 546.643
473 572.196
474 561.216
475 572.5
476 562.233
477 561.358
478 558.284
479 560.336
480 555.588
481 543.407
482 567.774
483 557.722
484 564.822
485 565.601
486 563.078
487 621.352
488 561.987
489 585.959
490 571.504
491 553.77
492 567.012
493 543.565
494 540.826
495 559.933
496 550.425
497 562.958
498 548.069
499 564.05
500 557.648
501 557.932
502 567.595
503 559.384
504 549.331
505 546.059
506 552.068
507 549.251
508 548.722
509 569.783
510 570.473
511 571.341
512 558.162
513 558.228
514 556.735
515 555.1
516 556.082
517 540.389
518 546.677
519 557.893
520 554.019
521 571.637
522 562.649
523 564.709
524 573.091
525 566.048
526 578.313
527 563.95
528 564.933
529 546.044
530 548.292
531 559.277
532 583.677
533 553.556
534 559.824
535 566.394
536 560.308
537 570.9
538 561.917
539 557.929
540 550.394
541 538.201
542 589.408
543 559.787
544 552.104
545 546.864
546 566.472
547 570.583
548 564.398
549 573.151
550 569.927
551 559.118
552 555.812
553 539.895
554 552.147
555 562.823
556 553.504
557 552.581
558 562.119
559 561.163
560 555.023
561 561.432
562 568.198
563 568.44
564 549.59
565 555.531
566 561.729
567 550.085
568 561.729
569 548.206
570 557.74
571 560.502
572 565.584
573 562.907
574 567.584
575 597.048
576 564.712
577 553.389
578 552.295
579 562.448
580 555.479
581 552.461
582 579.64
583 556.365
584 561.34
585 556.956
586 553.077
587 568.994
588 550.428
589 550.973
590 561.897
591 550.61
592 550.315
593 559.366
594 556.1
595 553.199
596 559.642
597 617.101
598 551.762
599 592.807
600 559.622
601 565.907
602 547.129
603 549.909
604 553.296
605 538.992
606 569.167
607 553.12
608 546.824
609 560.657
610 560.246
611 570.5
612 572.245
613 564.296
614 563.228
615 554.368
616 549.24
617 556.12
618 575.466
619 565.438
620 564.776
621 558.654
622 555.847
623 553.387
624 565.114
625 561.417
626 566.961
627 558.525
628 557.905
629 552.345
630 567.019
631 556.361
632 549.521
633 603.29
634 561.267
635 562.104
636 555.369
637 574.275
638 556.231
639 544.442
640 578.406
641 542.926
642 548.071
643 563.269
644 587.046
645 554.885
646 566.134
647 565.911
648 553.282
649 575.424
650 553.271
651 560.115
652 542.701
653 543.093
654 552.192
655 557.487
656 565.088
657 556.908
658 558.537
659 556.035
660 565.244
661 589.857
662 553.514
663 557.708
664 535.746
665 541.563
666 555.77
667 556.884
668 558.283
669 561.761
670 563.888
671 557.347
672 552.876
673 568.78
674 554.442
675 573.722
676 542.686
677 558.585
678 542.667
679 564.529
680 567.417
681 567.14
682 572.595
683 568.613
684 577.328
685 553.617
686 548.357
687 561.86
688 543.63
689 546.271
690 552.5
691 553.76
692 580.995
693 555.721
694 580.034
695 557.801
696 561.831
697 548.476
698 554.988
699 560.009
700 541.182
701 559.525
702 561.816
703 562.007
704 561.539
705 552.412
706 552.023
707 563.54
708 625.464
709 539.321
710 549.925
711 549.477
712 547.928
713 559.513
714 557.623
715 556.449
716 558.345
717 564.737
718 564.209
719 560.22
720 574.737
721 559.878
722 549.812
723 555.425
724 547.178
725 607.691
726 546.268
727 549.851
728 569.801
729 556.62
730 563.475
731 555.938
732 575.907
733 551.202
734 557.923
735 539.746
736 546.793
737 540.883
738 540.043
739 554.294
740 559.847
741 565.962
742 555.22
743 558.835
744 549.863
745 1382.73
746 547.731
747 552.545
748 531.607
749 550.057
750 546.271
751 554.892
752 558.793
753 549.819
754 596.692
755 541.417
756 544.113
757 531.709
758 531.171
759 539.419
760 537.885
761 547.351
762 552.697
763 550.419
764 552.017
765 532.643
766 547.232
767 523.896
768 560.674
769 541.324
770 539.166
771 549.53
772 551.425
773 562.281
774 546.879
775 581.14
776 554.482
777 543.551
778 536.359
779 534.584
780 554.799
781 551.986
782 559.683
783 552.174
784 555.976
785 555.579
786 541.603
787 573.065
788 532.171
789 546.149
790 540.109
791 563.793
792 560.637
793 548.917
794 553.604
795 541.973
796 567.459
797 547.94
798 544.372
799 525.785
800 545.373
801 536.552
802 555.937
803 557.028
804 546.5
805 548.003
806 534.341
807 533.478
808 534.165
809 536.922
810 551.687
811 557.57
812 555.275
813 563.63
814 552.067
815 539.55
816 548.155
817 608.299
818 532.122
819 554.334
820 540.107
821 542.168
822 563.523
823 547.209
824 567.518
825 554.409
826 558.523
827 535.92
828 549.155
829 530.007
830 531.907
831 572.713
832 579.509
833 592.822
834 556.968
835 557.631
836 572.091
837 561.383
838 560.585
839 609.805
840 658.466
841 539.925
842 545.731
843 562.13
844 545.702
845 580.537
846 552.273
847 551.534
848 558.885
849 555.848
850 566.096
851 584.058
852 558.15
853 549.771
854 543.259
855 557.247
856 539.818
857 556.896
858 552.585
859 559.042
860 558.295
861 560.256
862 560.978
863 550.389
864 578.008
865 551.801
866 541.794
867 549.607
868 547.767
869 559.405
870 545.068
871 552.878
872 553.561
873 558.289
874 553.82
875 549.365
876 560.935
877 532.697
878 551.453
879 546.264
880 551.853
881 560.021
882 552.773
883 563.521
884 561.523
885 560.066
886 548.891
887 531.546
888 531.015
889 544.271
890 554.071
891 544.656
892 568.221
893 552.454
894 561.176
895 544.278
896 538.32
897 547.01
898 527.131
899 541.588
900 542.723
901 556.777
902 557.571
903 560.583
904 554.346
905 546.093
906 535.39
907 539.162
908 552.639
909 542.073
910 550.42
911 547.071
912 559.45
913 555.343
914 551.034
915 548.328
916 539.333
917 546.946
918 542.185
919 549.523
920 556.658
921 549.201
922 561.945
923 557.249
924 567.839
925 549.781
926 542.309
927 534.369
928 547.461
929 559.042
930 586.534
931 590.826
932 567.923
933 555.651
934 576.685
935 549.749
936 575.158
937 629.938
938 561.586
939 551.051
940 556.603
941 545.616
942 528.822
943 539.614
944 546.048
945 541.901
946 567.307
947 549.547
948 552.427
949 568.163
950 547.06
951 544.597
952 539.245
953 539.946
954 549.462
955 555.306
956 548.202
957 547.593
958 548.613
959 555.905
960 675.383
961 563.05
962 570.27
963 545.037
964 559.036
965 543.719
966 528.43
967 547.722
968 552.586
969 556.068
970 553.678
971 550.72
972 544.197
973 543.838
974 554.755
975 526.75
976 544.021
977 539.519
978 574.085
979 554.064
980 551.175
981 554.406
982 538.975
983 544.594
984 532.923
985 542.48
986 538.553
987 533.757
988 547.905
989 563.343
990 602.432
991 554.426
992 569.212
993 550.511
994 533.935
995 540.844
996 546.441
997 540.865
998 545.442
999 568.414
