0 63.7687
1 57.7547
2 62.5007
3 61.3469
4 68.5259
5 60.2326
6 57.9589
7 59.0262
8 69.7432
9 61.9033
10 58.1149
11 62.5656
12 62.5027
13 65.1904
14 64.6762
15 69.121
16 59.5966
17 70.1728
18 66.1884
19 69.3522
20 60.7614
21 64.0401
22 72.1861
23 82.0303
24 68.0686
25 64.1986
26 59.9713
27 71.5102
28 90.2561
29 59.4799
30 72.2472
31 63.1876
32 62.8224
33 71.0099
34 96.6299
35 59.4982
36 60.6961
37 70.6133
38 67.9607
39 162.6
40 62.5989
41 60.0826
42 59.3326
43 60.6428
44 57.9038
45 59.4671
46 162.778
47 65.4042
48 99.3621
49 60.0863
50 59.1579
51 60.7318
52 59.4209
53 61.0346
54 70.5306
55 67.8361
56 60.8088
57 63.6095
58 60.2313
59 60.4228
60 60.285
61 68.1226
62 64.8619
63 59.3891
64 60.2064
65 60.9496
66 63.485
67 59.6512
68 59.5577
69 60.2809
70 66.393
71 62.9515
72 60.3666
73 80.1561
74 62.2157
75 73.3325
76 68.0175
77 63.3478
78 60.7156
79 61.2889
80 73.1251
81 63.9156
82 60.3459
83 66.8346
84 59.6451
85 74.4494
86 64.6529
87 59.9667
88 63.9504
89 59.8181
90 72.8849
91 72.5238
92 59.098
93 74.5282
94 59.3444
95 57.839
96 61.6246
97 72.902
98 60.1616
99 73.6656
100 67.5913
101 64.2497
102 63.4631
103 60.5686
104 59.5397
105 73.0884
106 59.8867
107 74.4311
108 72.7733
109 60.6157
110 61.4444
111 60.5033
112 64.9276
113 59.2633
114 68.3423
115 72.9954
116 62.614
117 63.7146
118 60.4071
119 60.2723
120 60.0041
121 71.281
122 62.8083
123 62.1042
124 72.5167
125 62.4273
126 61.1578
127 60.2949
128 59.5435
129 59.6272
130 72.4853
131 74.471
132 73.8675
133 59.319
134 84.3565
135 59.2686
136 65.8741
137 62.0677
138 72.5237
139 63.6029
140 66.3552
141 62.4455
142 61.7155
143 65.4916
144 71.4494
145 92.1301
146 64.1184
147 66.5234
148 76.6887
149 66.7486
150 60.1511
151 86.4958
152 64.0087
153 71.7742
154 60.3375
155 60.8612
156 59.45
157 59.7526
158 71.2554
159 60.5548
160 61.6987
161 93.9318
162 70.6115
163 62.7552
164 62.1008
165 60.01
166 59.448
167 66.4098
168 78.7707
169 68.4973
170 59.303
171 59.3237
172 59.5617
173 60.1461
174 60.4611
175 63.7209
176 65.8044
177 67.4115
178 75.4528
179 60.4675
180 70.4083
181 63.9125
182 91.3413
183 67.048
184 72.072
185 88.6658
186 66.2612
187 62.0032
188 60.7737
189 67.0794
190 59.3628
191 104.598
192 60.2103
193 65.0244
194 60.5982
195 59.7748
196 59.5021
197 59.416
198 60.5487
199 105.076
200 70.6507
201 59.5639
202 60.8061
203 60.1264
204 59.4329
205 63.0436
206 86.4289
207 67.6136
208 60.4499
209 60.23
210 59.7094
211 67.0981
212 66.1659
213 68.6901
214 61.4838
215 60.5202
216 60.7012
217 64.6465
218 64.322
219 61.2007
220 61.3462
221 61.1401
222 83.2248
223 67.9778
224 64.1422
225 59.625
226 62.0772
227 61.5127
228 67.1118
229 60.8792
230 60.5481
231 60.5295
232 60.9703
233 63.0583
234 60.3602
235 59.6149
236 59.4724
237 63.3167
238 70.6824
239 60.4592
240 60.3984
241 69.6431
242 66.1792
243 58.9013
244 88.7149
245 74.5296
246 68.321
247 61.1559
248 60.9365
249 60.5078
250 59.2981
251 59.3384
252 77.3376
253 60.8111
254 62.2772
255 69.4654
256 97.0028
257 59.78
258 61.1226
259 60.4178
260 61.3307
261 61.1118
262 69.4066
263 77.2276
264 64.5584
265 64.1733
266 103.444
267 66.1716
268 65.431
269 59.3683
270 60.5405
271 60.1444
272 66.0568
273 80.1328
274 63.4648
275 69.275
276 65.4411
277 71.7549
278 62.3606
279 62.8909
280 64.0922
281 63.0137
282 74.6446
283 70.3894
284 60.7407
285 76.7678
286 60.9561
287 69.0644
288 60.3447
289 60.0346
290 66.1518
291 98.8882
292 151.282
293 73.4962
294 87.6938
295 95.6497
296 60.3924
297 59.3714
298 60.4663
299 61.7622
300 59.1436
301 59.4704
302 66.9886
303 59.5211
304 59.6506
305 72.9119
306 65.3147
307 60.6554
308 63.18
309 69.5289
310 62.4389
311 71.1168
312 59.4673
313 63.7914
314 59.2657
315 62.9713
316 62.7031
317 69.8471
318 63.6715
319 87.9629
320 88.292
321 75.9275
322 59.6745
323 111.39
324 109.799
325 59.7167
326 84.6475
327 62.7926
328 70.8175
329 71.9459
330 72.6584
331 81.4178
332 59.641
333 63.869
334 65.4365
335 67.0336
336 60.5693
337 77.7051
338 60.6183
339 59.3352
340 60.7295
341 61.478
342 67.7739
343 64.3734
344 126.711
345 93.7234
346 60.5734
347 69.2504
348 74.919
349 114.489
350 60.4233
351 60.6593
352 112.829
353 68.2817
354 63.1417
355 60.374
356 68.3343
357 64.1521
358 59.8629
359 59.718
360 59.8306
361 59.5402
362 60.5152
363 64.4586
364 59.4525
365 59.9722
366 58.1095
367 66.5239
368 61.3965
369 60.8719
370 60.7081
371 60.3634
372 59.5498
373 91.0581
374 58.9305
375 66.9807
376 64.2055
377 101.148
378 73.7784
379 60.2851
380 60.5786
381 59.5561
382 60.7762
383 61.6192
384 117.785
385 60.2764
386 62.0923
387 59.9729
388 60.6225
389 64.3598
390 59.4414
391 59.4939
392 59.1181
393 59.2641
394 60.9095
395 60.6977
396 62.5333
397 60.3689
398 60.3361
399 59.3989
400 60.5813
401 60.5437
402 59.8567
403 64.8199
404 59.775
405 59.7946
406 63.1063
407 63.072
408 64.27
409 58.2495
410 63.8233
411 72.4853
412 90.7894
413 60.3892
414 92.2131
415 60.508
416 60.3437
417 65.3912
418 63.7568
419 67.1787
420 62.9683
421 59.6269
422 70.9471
423 151.21
424 59.4199
425 81.1379
426 61.5331
427 61.5831
428 60.3605
429 59.8631
430 60.8263
431 60.0716
432 61.426
433 61.1719
434 70.4327
435 59.5275
436 84.3867
437 91.4637
438 77.01
439 72.7491
440 67.0579
441 60.0596
442 77.1972
443 62.0831
444 102.654
445 59.7888
446 60.7169
447 60.5659
448 60.5813
449 60.4407
450 61.4854
451 60.9663
452 79.766
453 62.6271
454 62.2178
455 60.3959
456 63.9892
457 79.0497
458 59.9331
459 63.025
460 66.0659
461 61.9427
462 100.188
463 61.8024
464 64.4918
465 59.6445
466 59.6466
467 72.8791
468 67.0513
469 62.3006
470 61.8012
471 62.1899
472 62.3139
473 79.0646
474 80.0732
475 60.6629
476 60.4163
477 61.319
478 105.891
479 67.0232
480 62.1575
481 59.7036
482 61.2265
483 60.4075
484 61.1533
485 59.8085
486 62.6036
487 59.0172
488 63.5136
489 116.701
490 64.126
491 75.3749
492 63.6684
493 61.4126
494 72.0862
495 71.1404
496 59.4151
497 65.5125
498 64.1436
499 80.2371
500 59.1406
501 93.2221
502 62.1965
503 63.4325
504 62.6581
505 93.4166
506 61.4056
507 68.3286
508 59.5209
509 67.5889
510 63.6154
511 62.511
512 62.1244
513 72.3956
514 78.9796
515 67.8451
516 62.9518
517 61.9207
518 60.5769
519 64.1596
520 64.1935
521 61.0179
522 59.9223
523 71.5345
524 62.3783
525 60.2089
526 60.5585
527 62.4562
528 87.5728
529 115.709
530 62.0514
531 73.1657
532 113.853
533 70.299
534 66.6631
535 100.617
536 60.5481
537 59.1113
538 68.4729
539 60.739
540 64.34
541 64.1978
542 76.0962
543 64.1257
544 83.0313
545 61.4126
546 78.3298
547 65.6107
548 103.318
549 61.7209
550 65.8632
551 125.839
552 62.1857
553 60.5998
554 60.345
555 58.9777
556 60.2938
557 128.827
558 59.5783
559 59.4122
560 59.3683
561 60.4945
562 68.7857
563 72.5736
564 61.6618
565 64.2559
566 72.2434
567 61.2936
568 65.93
569 60.6727
570 60.4583
571 61.1073
572 63.485
573 59.8042
574 70.6869
575 64.1465
576 60.9411
577 70.383
578 61.9321
579 63.8201
580 61.7326
581 64.2119
582 62.6737
583 60.6614
584 64.0393
585 67.3039
586 64.3927
587 62.4973
588 147.03
589 64.4795
590 60.6015
591 68.4985
592 60.6499
593 65.878
594 59.1656
595 76.69
596 60.4237
597 59.6301
598 68.4206
599 64.9109
600 60.9079
601 62.5181
602 59.2806
603 59.6848
604 80.1219
605 60.5193
606 62.5223
607 65.8722
608 60.6293
609 62.295
610 60.6476
611 60.5983
612 61.3775
613 62.2446
614 59.7515
615 60.3966
616 67.9886
617 60.5944
618 59.6226
619 59.7724
620 62.9609
621 75.9024
622 60.9399
623 59.4034
624 62.6337
625 65.9608
626 60.4201
627 58.9113
628 102.713
629 73.2841
630 59.331
631 68.3753
632 81.1746
633 66.1249
634 62.5857
635 59.3885
636 60.6736
637 70.8234
638 61.4079
639 64.9608
640 74.4846
641 60.8271
642 74.3122
643 65.817
644 62.8481
645 59.8144
646 59.4523
647 78.5273
648 65.0022
649 61.0692
650 61.0845
651 70.0363
652 60.3782
653 69.4505
654 62.3991
655 60.3446
656 95.7361
657 63.769
658 60.8778
659 79.4832
660 90.422
661 94.0625
662 60.165
663 60.2262
664 65.1274
665 67.2221
666 59.6155
667 67.2287
668 60.7126
669 61.2298
670 59.425
671 64.1119
672 137.75
673 61.0899
674 94.6636
675 68.8633
676 65.5237
677 59.6969
678 59.792
679 83.0529
680 60.5154
681 93.2597
682 60.2324
683 60.853
684 69.2892
685 60.9075
686 72.4065
687 60.6935
688 60.7498
689 78.1258
690 79.7805
691 154.145
692 69.8883
693 62.9123
694 59.9125
695 66.3067
696 62.7864
697 61.7792
698 60.9822
699 67.8616
700 89.6371
701 101.048
702 63.8751
703 66.5225
704 67.2671
705 67.8792
706 62.8286
707 60.3612
708 60.7536
709 67.4565
710 61.8695
711 59.2207
712 61.0063
713 59.7747
714 66.4131
715 61.3433
716 62.1725
717 59.2921
718 59.4458
719 63.14
720 64.9495
721 65.1891
722 59.9013
723 63.0575
724 59.3334
725 59.5966
726 59.5455
727 63.6529
728 61.2828
729 60.6815
730 73.7715
731 84.1703
732 59.6678
733 59.2345
734 60.4581
735 59.2416
736 60.6037
737 59.4638
738 69.3249
739 60.3588
740 66.2152
741 74.6532
742 62.0701
743 71.5187
744 105.489
745 63.1261
746 64.2018
747 61.0998
748 60.8183
749 102.838
750 78.3702
751 73.59
752 65.2437
753 123.157
754 63.8905
755 66.3879
756 68.222
757 66.304
758 58.8058
759 60.9034
760 60.2865
761 68.0158
762 62.8912
763 60.8733
764 60.3601
765 59.8593
766 60.1258
767 58.1151
768 77.9706
769 80.5689
770 61.0099
771 59.5147
772 61.7905
773 59.5868
774 61.6149
775 131.326
776 106.305
777 62.4886
778 105.535
779 62.5065
780 61.8487
781 62.5289
782 67.8173
783 60.3086
784 67.0704
785 62.3224
786 66.2626
787 62.6592
788 59.8333
789 60.952
790 70.4564
791 63.8281
792 61.2309
793 64.6382
794 63.2141
795 77.6596
796 162.418
797 108.493
798 62.6359
799 68.9509
800 77.6291
801 149.852
802 109.512
803 90.8231
804 88.2379
805 66.2605
806 61.2136
807 65.6184
808 63.6616
809 193.577
810 60.5252
811 72.7093
812 63.2832
813 89.3031
814 77.0968
815 67.8108
816 64.0674
817 88.8112
818 61.0407
819 79.0132
820 75.0545
821 61.1493
822 66.3418
823 63.6052
824 71.6647
825 59.4269
826 66.6165
827 85.8287
828 63.0848
829 71.7598
830 66.7514
831 62.1222
832 61.2577
833 68.114
834 60.4284
835 73.3587
836 61.0039
837 61.5047
838 64.0147
839 60.0318
840 60.1578
841 64.0673
842 65.9468
843 63.5123
844 59.6958
845 61.3237
846 59.6031
847 59.4383
848 61.3515
849 77.1489
850 65.0429
851 60.4513
852 63.0066
853 62.6348
854 68.7174
855 72.7409
856 72.6479
857 63.5446
858 59.768
859 65.6716
860 84.6077
861 65.6787
862 71.6317
863 67.3805
864 60.8358
865 65.0696
866 70.234
867 114.389
868 73.5494
869 61.0214
870 61.5267
871 60.5603
872 77.7578
873 59.5463
874 60.9993
875 69.9672
876 105.832
877 104.899
878 60.5523
879 104.225
880 60.3459
881 63.1028
882 60.449
883 61.0091
884 82.0726
885 61.0918
886 60.6964
887 62.5763
888 73.0847
889 67.4078
890 65.1205
891 60.6033
892 60.6732
893 71.2518
894 59.6683
895 65.6727
896 64.7612
897 72.6075
898 59.394
899 61.0551
900 60.925
901 110.714
902 61.2567
903 60.6329
904 61.7959
905 95.722
906 77.8024
907 61.1886
908 60.882
909 70.4439
910 131.108
911 111.403
912 64.0688
913 67.0923
914 72.5511
915 143.375
916 73.7883
917 63.0361
918 66.7864
919 117.08
920 69.6946
921 60.9287
922 65.9103
923 73.3585
924 59.615
925 59.8349
926 64.4499
927 70.0074
928 59.5581
929 60.7201
930 59.9708
931 61.4482
932 61.5188
933 66.2842
934 106.003
935 78.0355
936 60.9212
937 61.478
938 61.831
939 67.7693
940 66.9897
941 61.413
942 79.698
943 65.8771
944 69.4125
945 61.3285
946 115.153
947 59.6209
948 90.2422
949 70.9869
950 61.1907
951 61.3261
952 61.0264
953 60.746
954 61.2585
955 102.147
956 63.693
957 59.9929
958 59.8105
959 61.0135
960 61.6557
961 66.8296
962 95.3658
963 77.084
964 125.136
965 64.1355
966 126.53
967 150.561
968 95.7725
969 75.9733
970 79.6987
971 67.863
972 60.946
973 125.667
974 66.2946
975 85.8737
976 61.0285
977 65.726
978 112.916
979 61.0556
980 60.0219
981 103.947
982 79.8973
983 123.897
984 63.549
985 65.5673
986 123.841
987 69.5939
988 60.9429
989 60.2192
990 87.3048
991 81.5884
992 154.33
993 120.68
994 61.0212
995 121.341
996 66.9486
997 92.7067
998 72.6655
999 73.5345
