888932
265329
345443
401680
977040
561290
180371
90562
536426
988412
271992
123631
833296
110709
657249
81237
238310
392792
193484
338072
549757
774707
811291
61982
558564
797512
911329
879752
464765
293534
896398
353696
75214
241840
271727
52253
803129
452097
659167
855906
956860
931158
495888
306508
558218
153137
387744
796527
545928
581227
650950
612037
872285
978592
190370
430848
776104
101699
310599
757220
911584
723348
110915
986797
965187
898994
555402
284667
351090
730920
140572
824302
662077
636460
130809
736646
789596
34904
533173
851875
132482
700474
980263
4766
195418
170633
951965
487873
272331
778915
245092
700266
502263
872358
687062
467449
771351
758815
268468
638793
489734
409039
463094
668162
561850
110254
404808
867797
145157
454332
236024
277638
671157
216286
798755
866574
386918
750719
354446
175600
45985
599537
875865
548247
471895
79279
532048
243245
838093
800515
882037
844179
725905
861482
512340
804107
971735
433499
671903
633243
887830
907926
910880
558987
640564
225986
941912
27481
493056
296358
203081
539041
412246
595297
603639
884140
674575
135686
643737
29020
452552
525773
873198
694809
387255
901889
498915
875341
335388
687169
508584
739569
111447
935815
814907
752010
161801
756819
295842
171208
53176
15274
710248
465421
610571
313887
865913
801497
965924
509649
346868
418476
551773
220065
629636
455379
638306
644902
330720
490045
332070
355655
229613
959868
807821
44520
711877
969621
317690
7719
140829
887217
22992
367428
352637
149914
681314
734901
467763
163590
760901
814630
98417
312674
34695
728052
284404
189352
372953
131475
679396
221374
487129
909008
181242
294950
469879
893118
780922
787568
417188
438102
674784
956532
805530
543773
622797
3195
795025
90559
166784
555926
905189
781552
868599
939883
509603
669354
645586
882555
800829
324981
620281
287957
750340
801522
99258
220219
210991
396532
524138
628179
834633
715274
101062
156514
775398
723858
676061
570422
814417
359196
126347
719605
140748
511297
175839
650350
180651
821424
49257
981479
146404
669537
785787
896743
987410
401397
633313
198400
797928
673803
826578
148912
389076
443991
821778
164473
167849
497838
734894
982265
373385
377593
701869
514132
888889
394059
680834
585891
215482
246442
83721
878237
915978
385860
291331
419739
787256
924644
618138
101535
598446
961068
766798
503873
405058
588575
668345
572906
602764
919590
71522
976149
813534
289742
490280
702423
683800
171113
804665
415633
417554
888386
293869
849883
274245
585200
269621
577852
26195
404111
195738
140992
365178
962535
161216
286587
551110
345912
859493
153873
265501
447366
646373
79035
737108
136653
297809
420907
824117
618825
352892
241671
507210
646760
607905
297806
748311
393878
392009
290857
797988
587746
431848
679517
550281
593063
966103
617742
938974
341947
287966
720827
789313
934339
316213
42772
587343
130373
980030
411459
749197
332921
169481
256407
979681
777386
70564
244343
687615
462573
535200
485602
566670
483399
681470
633302
592814
647572
767395
48139
989519
55361
768965
295183
506051
601529
337954
93393
731901
317983
21203
481098
650904
190684
253856
146936
484421
324419
391278
172035
303343
926477
173988
386365
409876
855457
19666
2689
19380
787061
567179
525250
358773
336144
820432
381175
454024
674737
474567
185925
509072
12121
667022
676327
202804
437229
823262
203576
761647
214539
891962
581342
657368
582301
967706
583595
954109
503723
102635
973489
807135
669813
15090
165907
522308
351874
547081
976332
26610
537999
162256
535681
550120
345629
728359
269275
782857
551620
989203
60855
282511
881164
158548
456230
463465
642605
39824
417573
146328
142458
907413
953462
328622
922503
119369
850930
274376
182801
827261
817337
237152
505868
869370
787271
367848
597728
572897
150704
149348
562099
727910
431858
443263
886458
404439
423079
529062
444262
357003
675389
103071
264416
628851
431692
186918
264571
798973
461293
963723
142585
278629
200874
164804
147998
504496
532651
745726
593745
683354
411425
155843
411264
359634
115457
297721
764072
54887
826782
208333
411890
18523
827755
676305
163725
775798
863222
944647
574771
840866
424721
233707
635846
625595
398511
300196
646442
931161
562273
240186
614515
490049
912381
542130
849682
544189
356202
130105
599076
699335
338437
10965
717857
682543
687269
397933
458340
66842
858931
549462
424059
283652
783169
576256
425598
181679
392803
72039
112839
955075
828577
243705
445123
740957
302186
811156
285145
174739
941260
884220
874074
796048
411536
108282
478590
98804
506215
453282
681997
365145
2743
106055
165148
302263
198663
590745
293
591465
662784
629484
546540
491360
389540
508014
748668
691726
835522
550164
866464
776781
434384
256889
89181
845919
365171
84122
461075
387737
537403
143071
269233
56498
765478
434381
875112
964140
25125
875405
555604
204260
504888
618495
211971
894427
642861
960638
102504
478382
27154
968968
255162
461537
225856
860694
823807
107378
944816
801233
495114
482218
460656
280699
55067
742485
715079
930179
706624
256555
321935
778579
460815
826822
913426
189137
237600
556286
666127
340104
34667
693280
309071
806180
671168
51278
666874
11326
158656
128041
812559
170121
126610
789566
967171
181677
532050
682249
628207
755025
455156
950141
49955
432322
293314
963380
621458
530913
519665
287584
387368
70683
980863
696438
393215
652030
264068
576440
663356
939075
704480
992266
625547
831089
781831
592718
529117
313880
791318
157323
585256
246473
623815
635210
195146
433480
598590
816604
480745
634606
620539
868112
221641
117754
80902
614855
286135
344969
191294
949490
800395
412125
458107
425941
243213
239937
535010
772330
70168
326328
446004
171775
89152
586171
806985
284298
19650
921926
617253
16746
72883
754143
884858
294523
871896
965759
425729
158031
310727
133374
623872
627473
545498
598331
53413
305063
354619
588423
593744
941139
431102
39747
112913
520253
142269
919897
804550
678271
358174
938154
695016
431057
692297
579873
241931
564192
545631
667660
238574
372709
801033
378798
181
346531
977128
569946
651593
331746
674720
245336
272884
105821
801434
902149
626073
460055
338397
946975
138325
696571
885128
349692
643979
577424
929565
885909
657968
991547
69920
412893
880608
870953
791690
880788
733835
285169
967085
901779
133267
641804
663466
922502
747624
464899
824650
373697
441305
679399
320671
579629
375969
205798
445673
536299
299574
375237
938559
473893
883135
8479
886785
763742
879431
194827
160882
129617
996347
127966
31395
129613
769770
694860
568467
517393
676110
909468
407441
117415
588866
728111
213395
481186
450261
659067
17484
266186
550655
956043
740078
433790
964521
143214
713883
360303
338040
874764
489919
334387
2730
37665
980351
288851
732524
548817
806243
924985
974637
213684
42399
563502
458146
772146
44688
424758
431212
578523
207295
981867
534565
463724
932008
15437
606938
645890
892091
461329
520654
898361
312067
39735
936025
292418
328585
184900
357586
651179
109885
848574
381214
668635
412076
839360
957132
456763
780469
388344
551637
504116
886562
86202
967839
334921
617990
91128
980810
26433
552457
17815
924793
864523
573901
377170
673292
902485
562069
547230
553664
188305
395803
934877
373292
807878
290588
330423
780992
587409
235118
332629
91524
638031
935182
575714
972951
69523
666842
470113
95955
219298
4279
537100
600172
578180
914269
273464
480664
476337
337045
550679
180994
732847
485556
554285
57077
776143
884707
354420
363551
636177
203400
971426
274207
654933
547140
763510
240808
730333
233622
853114
949630
754252
390213
66153
332431
304481
339616
329447
297170
193012
880125
478163
442211
365680
548799
15639
658175
949857
370058
538077
586033
89810
509503
376592
261094
572994
140101
501901
303326
890074
355015
769307
644325
745227
835459
976756
566060
691427
306202
863229
884438
186326
857743
843000
68358
922893
858638
726532
872749
745048
264608
975134
834857
290462
351725
612302
863455
491825
114203
683132
898250
985569
452438
542574
247147
804249
519329
813206
495675
341882
192786
896464
528208
566880
739464
596565
489772
598101
839448
878873
343148
104055
854006
694356
394517
722082
306658
774323
730258
420860
457455
628507
922780
426244
171080
169926
230492
206761
499484
726166
548642
208621
622630
593201
775501
362093
706117
781624
476545
545564
660496
819693
165971
30853
514048
76839
752934
820705
851161
483191
757916
824967
628049
197047
767563
799129
366973
998054
522241
382808
240572
587234
591428
379553
180435
883280
257997
402903
664904
734541
464819
841751
70585
147141
872604
100985
223979
141889
921689
591491
141432
195957
932810
769480
393003
700372
84960
276327
214777
607200
659134
971700
194434
766914
867604
891220
650193
125600
294122
831448
376493
275292
673199
963429
422432
62154
64413
646410
720394
502454
754253
861825
214762
687062
147657
607764
387433
232616
400443
118561
356168
575928
90261
550601
859193
957864
958172
509386
599816
768645
857185
492660
43937
46735
972440
982720
108888
36853
629130
345634
539306
899734
723810
754067
586795
871466
878182
490579
620434
794976
609139
492953
887256
215751
559905
746448
689967
518076
255833
806134
286720
629370
815145
847008
676104
787584
829728
301344
824436
975209
646977
880093
874942
887138
150511
461736
274956
545045
468666
895389
340020
594156
388341
227275
326259
948245
973723
16225
982672
745907
338710
269391
891628
153854
632751
567732
941437
462478
869075
282225
437686
32403
162317
828979
919540
829180
807066
194495
374224
275731
89883
230595
869886
994575
457870
196144
459171
947944
728720
958194
210202
67429
743937
101830
737634
376687
185913
195423
839164
54987
477647
793201
87389
156315
138531
6928
985494
945596
201423
876069
221326
807657
106664
607563
318584
80885
320059
294106
28828
48778
252300
755381
632559
512588
373562
886544
889274
559474
81966
244789
614460
559612
554341
218200
232279
692871
741480
217772
638466
459254
610193
376143
783262
716856
983705
101845
797740
820115
912303
342919
385245
680954
614651
17803
193541
988213
904346
82814
64038
986312
843954
194850
62275
398294
413049
294553
91164
154528
28677
245981
130133
638869
622123
913395
355724
605827
531591
669815
425942
960245
12733
811186
641198
143735
345340
834738
131947
766037
433903
195985
268700
794208
907186
330975
192501
320234
141879
800016
991114
170555
45996
121246
325775
668118
550992
197850
790297
82583
867664
732590
42827
396748
60127
200377
540483
921818
551466
188781
687854
501721
901117
472906
295928
808302
320232
4781
128536
462110
804796
636001
149017
367144
273598
474791
551613
824590
188993
341909
423524
573008
590850
982702
969756
650976
183078
26590
572793
250896
215370
776999
752616
116487
249904
48543
441140
570135
569675
86027
548596
374471
722027
697612
741614
511977
688755
293226
852918
394099
151487
276441
967106
742336
775494
936861
909664
474924
479802
998808
725819
695172
775806
994786
328010
542061
559680
285501
628547
129355
371528
693495
503825
93554
391106
761790
121882
596212
571367
974799
990310
239205
767591
957416
497893
543085
410628
407556
18008
406782
406363
260178
618305
698521
254963
946314
756933
814642
748166
901832
943996
119693
595326
964172
729599
502783
242313
851480
98995
330032
826279
605656
569236
593869
79423
67128
653305
6403
991035
187664
413184
913750
447841
31488
612270
219155
494153
885554
550149
242318
787385
10496
362011
382710
974668
91609
401845
733332
459440
17191
63363
285718
622846
148951
395939
218621
732430
49243
741375
723465
236907
154558
637214
201099
702397
765835
936606
196549
167740
486754
955218
955125
497249
317228
854186
988268
925188
256030
721600
384628
789572
784962
186697
412418
933912
582635
147390
182694
148230
888764
906158
901488
559673
59723
102586
262069
341909
39191
458617
509648
525944
930186
981124
539545
763766
351662
527812
688953
124043
249411
589932
913615
550725
292981
842384
988
391967
989773
183681
540196
394888
89838
441683
954560
665912
60621
216628
7820
99811
191596
517468
142107
121781
14943
198003
885546
366604
725814
90851
490647
975225
197134
404261
42301
490114
246644
43288
882081
752768
226969
938628
147655
833158
380311
618566
499070
957283
835193
506889
573445
26788
540708
231903
664920
555651
429905
66818
438606
155719
157668
929252
647295
871153
849864
689595
361267
612859
732882
759699
881978
959850
698326
29632
793008
594988
648197
808429
552270
999741
315317
642067
542880
856025
873969
207800
928027
303874
790969
366632
975944
464988
812236
623238
336140
662099
312832
697406
791310
562065
973456
673287
38267
188134
219271
347626
299473
383819
156054
368095
383560
471370
10161
926439
843746
884129
650590
288124
704354
957910
654756
680297
422897
983343
303534
759037
645441
132717
972794
953102
211134
462602
626389
249400
650735
845659
597025
950207
745829
753078
318301
129388
740799
328461
572179
100897
728942
739120
389020
433295
697030
560127
113592
636278
543469
933477
395314
705262
66194
884460
658363
277327
347061
801103
43078
997795
163113
156454
948001
908942
425883
782654
554681
166681
111114
126859
783929
356407
382331
689301
789702
595712
249427
903293
231989
309248
836769
627303
530861
419314
511762
705575
212992
858822
506678
256069
372968
186142
412522
837320
95083
838404
619973
649764
521437
247439
292974
305365
603845
675304
994665
393546
787367
760444
813190
19356
586043
649959
163010
116903
69272
191123
822477
282264
49944
845506
54684
939263
31648
467206
776582
126730
821961
912907
292845
343397
160345
585819
648762
764189
777474
159778
674087
81193
436573
487276
100548
22615
653586
263557
139517
239210
454679
961994
37825
20974
807499
92508
960236
839146
76065
253169
482228
898026
166075
291424
241422
326419
393594
406535
606960
171068
82665
797398
252260
519237
801025
869159
541852
454611
132715
197720
693820
103745
676065
247996
641070
483564
340503
117657
839061
932920
370825
837640
830945
53252
129064
588718
896022
522657
511605
502981
210076
110621
816730
978687
629857
617755
847845
688060
588717
496911
885780
282536
117007
561844
46883
758076
561759
387385
875732
917172
320304
762909
271163
667600
816160
916578
772670
712181
439235
284274
731514
165662
394894
64595
660701
541102
682349
24897
745514
271065
38160
147645
69952
155166
225840
116834
429594
303951
20571
821677
737474
857226
584585
8636
41178
917096
441566
813847
145629
397152
614472
393494
562813
525717
458088
223513
66818
140437
248410
328683
927853
286569
476327
514157
958086
702167
630990
387679
6117
167912
725708
259942
25138
310292
268577
582667
743740
710142
396513
889368
107293
10984
799213
186458
536700
257300
926322
119869
914088
174731
448552
841941
977651
441230
356097
452089
143396
503438
356119
665864
187702
81826
925805
212839
908470
710734
795505
652209
937227
708369
57928
560872
719352
857140
747329
772403
630791
673650
892271
544879
364733
857174
386819
858735
298404
259267
310823
958151
279056
666942
140367
466757
748767
582523
195947
657236
293256
507803
825796
230483
216171
400075
307706
451874
257214
55034
740628
888005
245035
149251
432883
609767
6424
336053
984854
821179
111671
812028
295682
390726
478969
436048
857483
744088
18570
569781
917675
828178
77584
743471
58660
810106
143545
882717
261980
917111
937750
2607
321467
182784
151857
270701
308903
674633
123105
810108
495811
234775
622135
307844
141852
617456
743891
515686
361543
762461
85467
795569
106990
163050
55391
682001
973155
715288
564717
751486
632398
502466
270445
470216
201601
422301
740916
26855
613285
864020
836962
625448
615146
459097
933291
756997
76552
677182
272683
954446
955994
358149
750014
62983
37550
321757
744983
527056
37044
309699
794894
185793
328516
65338
656008
530116
3990
913275
556971
617275
777294
910284
242722
908791
369380
176012
665787
962283
369545
454821
916728
325538
329321
183094
904872
366870
504850
649854
410278
541893
475904
205171
244037
804419
270508
900044
850887
274497
813318
924209
891771
106963
834492
650844
15753
720224
826856
197891
682506
196400
652712
115586
38290
982032
298679
943161
865254
803528
109367
275531
861772
585270
997053
105808
906041
267560
522203
273279
58408
851872
197487
466531
475186
548330
117374
490938
268553
460581
205180
467411
173333
857891
582996
211622
839923
881674
671134
221528
201553
780500
497058
579676
882122
494110
201835
304514
278021
240389
577792
336428
92260
291630
319310
567445
356311
436684
574734
624864
413616
779913
92274
586948
154156
191621
798569
510430
73294
986055
731957
791198
766554
229014
887225
648675
239475
89059
469540
517495
329447
47331
370274
938058
855312
689584
505502
211623
642619
596587
836486
572586
376499
445111
159534
47006
636731
474454
557435
226376
460508
289391
533925
743414
518404
421149
392088
757878
26559
861628
791724
872357
425310
678350
810414
280622
367933
832267
492244
526903
428853
845081
99488
321703
806543
775373
368709
959625
249827
926143
702352
226686
215534
236276
970099
250289
173776
362187
524519
716686
740166
316242
105394
681827
994591
915807
962448
878875
264425
971043
922129
209629
332475
21617
531331
139017
796989
416391
614993
563167
342534
317344
789853
74419
69971
759951
841059
760098
638489
365577
476783
895006
198171
582176
576833
709113
14334
55632
587988
278758
543027
26468
4738
875501
48084
536069
530870
361425
468811
145862
924591
811344
463206
230795
402114
49528
990746
243173
809626
145586
608749
802760
40592
323271
901288
133776
32384
915621
189407
136723
710731
732433
163190
715468
124286
211274
767888
655155
89050
236699
317368
529992
564394
296925
760787
482860
346453
267884
726032
156078
413469
851132
475189
454060
174403
376476
587835
723138
808449
293594
859860
519179
542378
23049
750998
666663
750674
35238
838169
356075
788288
155537
886067
352681
452461
646853
835540
315265
431088
77923
471342
844556
445407
946531
298616
136161
323006
402802
859298
647806
212747
235509
683336
755125
258557
434334
938139
525583
985923
776308
881657
774210
448196
767723
643242
417008
930927
995134
732273
362014
73056
203614
206570
34814
666496
21537
170974
505854
940690
546623
153659
153437
782131
836995
908561
557040
787680
846699
82622
289954
139358
964278
64163
103905
248353
707404
520913
179279
702537
253185
541293
291945
973150
264214
843110
155998
802102
530436
661851
742791
77058
331861
412579
375541
685207
321139
932580
989238
684190
531553
279191
339899
495830
343353
443804
744182
567109
964716
439813
785997
734252
497457
594293
707401
761670
437403
863398
563771
967838
41600
822913
561247
889813
235492
936787
575019
72982
385718
564257
273523
917270
359799
613422
413100
703152
573577
673633
786612
538292
113445
88960
788895
610901
683253
496295
888922
637007
876045
969044
604844
433996
791957
682442
323808
543800
619229
415179
616781
521298
495787
890304
438568
855585
20077
368019
75088
593653
558003
378051
648296
671448
467011
437190
798700
150263
449836
203974
787269
842232
689369
908464
792580
997677
590905
632739
541476
726485
47917
674609
247783
60055
81264
686350
915640
617692
570720
507079
211344
128722
885130
375991
316521
352140
329532
631573
18754
295719
835546
322374
654303
41266
230837
446882
38943
338093
79620
580418
64578
643889
771378
828712
703943
852641
31413
135934
470332
602132
643013
198027
247205
528142
574017
563726
396633
419900
195298
415386
715619
547195
254111
886273
104812
484947
333154
143754
339391
929125
724172
403968
573013
495549
232679
793308
864542
264091
929241
851225
382574
572253
49252
629779
616746
139620
709856
13378
559520
421505
945115
791490
485051
199225
677762
589862
200523
527267
733616
539914
972743
974139
460233
545756
986039
209264
855415
850580
989706
784655
701805
372280
873260
267408
518410
490005
407027
228265
19735
482898
649769
481201
274387
134819
196778
468500
724680
397300
995766
458295
453565
968509
948785
430150
30616
934824
639413
402382
785403
145470
187036
3559
34101
60295
270966
552510
66652
677993
780774
602738
677242
946894
83938
951629
598064
280715
936480
322744
194367
932246
297390
164283
417106
246175
594432
964073
180998
750196
366454
482752
895666
69841
486311
929766
646488
273628
998628
229491
467972
295753
832228
145214
242647
432517
613194
840710
713232
549673
679805
423950
998270
493547
588232
931727
256073
699016
895799
437070
449211
778604
436173
861228
848445
438835
307346
11284
712463
305973
240774
696786
118077
73001
841999
360723
505517
455192
717785
735100
4865
913941
159049
3134
407487
263633
451213
663559
479000
347011
616980
928210
641967
569505
305790
490411
8339
613135
18046
237153
435459
258819
933939
553535
331819
292289
430610
353687
263833
664746
605139
268697
578686
280539
788182
502525
544171
239394
682435
539522
102757
815767
984084
744723
385271
289873
751485
909961
419359
769530
147114
371169
544700
597404
441055
876518
406044
871664
746556
669876
536409
351694
454924
631447
148585
759458
650323
209107
515203
332757
748629
617959
148523
732712
879033
50145
22584
146869
960106
958294
432750
623571
329462
977449
737326
770516
370318
143369
158532
116874
813245
211292
984919
784520
359090
133503
543977
9412
342610
59180
342169
607590
193490
7043
340301
72523
573540
362884
735743
49997
837529
168493
673567
683342
145941
927244
453857
516259
586964
128740
149484
916560
340032
134402
701080
699121
784257
245056
708533
643218
820587
567053
250807
14077
90447
591107
602951
663986
470342
338693
713982
824222
507185
903900
507563
653126
347495
961419
169384
934459
90159
318867
851018
946542
969620
68449
645662
270228
313505
870546
913445
134091
953950
680603
664519
44397
271709
267469
224734
258402
606162
938716
82623
113346
358967
590185
282823
706462
67956
968558
157272
674466
803776
524641
621007
773396
593090
783020
559975
422946
169918
473420
73388
123867
154022
737907
168263
942083
5375
392997
200484
127888
848064
799459
757586
723382
389643
40408
429843
457598
8966
103466
648415
329093
628107
269421
102488
221196
568793
662463
160493
738710
652234
233880
862576
322607
971786
547191
264689
493513
940187
981525
621400
304602
780983
378985
27983
170625
935745
974178
144575
461062
77643
792989
790154
222101
578762
408994
959648
147554
71456
120140
886263
240041
354020
265190
562647
842157
812380
343688
335669
268918
325212
957069
573519
106194
852405
117854
793170
788149
92031
454096
249210
686025
763437
39364
908126
342198
448357
384125
6103
36164
504265
408717
276204
374636
673906
355202
216792
486286
698889
552461
271555
24100
25881
845074
646645
878285
479279
956167
666434
571309
410262
431995
773685
173698
471358
198162
32247
436066
582287
38349
472229
86551
447065
264784
977538
637323
136338
194329
123608
835226
746789
911514
375678
772669
272939
22322
167306
752217
494840
833739
839877
905102
265733
613562
595151
253443
811723
143750
689508
394009
698450
678089
996911
661867
459224
974448
299189
595561
685129
939148
947139
431917
850661
322816
720938
123600
861489
888243
875816
356329
238333
232045
777782
20417
845606
889284
790211
657328
33033
996071
567689
731483
190511
80951
393349
649734
55399
208889
245295
740527
148036
192433
688795
998696
31600
926084
638647
893088
330678
30815
765768
85362
262859
59901
105779
108464
949185
412341
282143
498569
408411
849831
230051
598921
930782
139751
765007
502532
348639
526653
759410
13026
719085
964556
11722
267036
890640
166720
676475
737669
197534
442243
823031
460392
18495
445161
85207
967679
857501
883702
466248
782264
733532
212650
381184
180665
868753
662542
199548
733743
189194
475309
746769
424630
439865
274842
691665
846856
441561
368140
584524
639095
326734
407554
615838
345228
852714
217397
829259
710215
101098
811858
492478
350981
24507
390013
47998
893259
568907
247545
143354
758100
239206
890122
182730
679070
164963
874394
525925
606523
758885
110448
761969
601970
518002
894159
463550
887067
111555
809160
597281
212652
621017
606110
563632
645523
512475
611629
55134
81381
375526
198487
839480
614731
604960
538561
810152
769922
929307
336076
892796
688191
962875
654765
806513
997228
65275
270062
884295
176829
79221
997927
905832
216589
120389
469463
378463
149215
597444
949948
230595
489321
148434
586426
620403
269745
641339
430554
39666
570645
282981
932462
775187
762207
103578
581699
759435
168852
368112
160081
862032
963684
674359
767863
180272
794747
753677
558735
943961
867472
508682
690907
356792
173468
793685
493546
443212
435023
924099
999230
5667
723431
448043
780853
485638
551620
878904
761424
236823
247015
921504
98854
210699
595862
383068
907322
906961
136744
982408
850921
4216
491090
58180
877359
180909
851864
370905
140472
803238
811355
139701
808904
51138
104095
106108
536775
655714
985011
814550
408888
748378
736053
24093
475428
848266
407160
382749
755226
60256
365157
122499
580823
372598
697030
974533
553506
65245
345437
693977
868482
673144
350030
193737
724281
454124
816196
777407
626190
317559
591956
551429
65936
844360
575522
541363
692625
499033
924111
964203
75640
805619
603053
656462
178216
300082
630995
731721
881678
492783
942050
750159
682278
808431
460247
406558
778906
276442
700316
921447
594000
292271
472876
176287
136630
564749
717649
345607
580133
158112
826161
655773
963730
429213
828586
141946
245646
975932
390018
127323
985067
848419
393833
667344
173201
854079
590254
952107
646872
290569
873553
757224
99192
862780
933510
752173
427528
651159
97779
524013
809270
923939
696137
772999
869503
41074
431296
115148
17006
821314
758822
518424
186084
152654
702119
359285
523084
808724
311391
169956
615645
701295
927179
714836
80427
860688
467008
507954
28198
81139
548318
353819
521429
244454
643170
390932
285528
74465
22431
818885
412130
781253
337308
598214
933906
555778
957498
456990
364502
785240
143297
980146
2886
70475
211333
83312
447514
678340
107618
992064
275830
655935
345882
797259
416741
989051
704542
702268
63516
726972
37504
475645
24576
891163
590210
958482
446940
64059
931823
811441
849298
75119
307938
368536
145593
519270
451847
109458
713962
75816
101521
989791
248103
963755
303401
664843
952805
524294
883462
532672
767618
920965
8317
792193
812127
114878
750674
775418
178937
682496
586859
544586
757614
411148
913121
419558
930418
881320
45368
644379
957135
663240
150521
205237
626994
453922
870079
579799
494567
269892
112470
262184
190856
637138
54377
519334
752016
321402
294752
930952
3898
397962
991889
277863
809109
905010
213773
739526
786329
259140
900256
743463
438731
50777
948700
65725
21050
335130
645523
31968
605022
274344
294152
312229
911482
348528
831563
179849
186281
642666
627152
190178
556979
619040
984393
366087
524049
714517
621965
310377
490008
38572
570192
928738
605700
35243
994462
626749
886724
156336
658717
491745
430680
469220
803974
858513
334099
151888
38361
520379
310905
665512
226909
867883
800903
211301
750321
324952
442169
372285
151680
932176
927209
238223
377265
532908
273465
888079
159657
160189
44414
334725
168285
475093
320296
488610
849957
654394
640497
888317
174772
467753
70180
401680
335635
871083
129332
85956
712386
571500
974592
864065
20027
418152
102288
913644
951060
892104
801722
627068
52292
846135
478144
220577
837580
798439
709186
687536
452832
866035
92205
627603
850139
162384
29283
185774
549818
674966
788081
262203
762818
279024
126268
299196
697176
744907
212839
648235
637010
14560
791654
205654
860695
269797
942582
214626
68235
651767
902161
521066
34153
994365
665020
884292
673101
694302
586417
222918
885620
890849
1473
648437
686224
644092
947632
383399
388998
676823
547985
542359
691382
339638
748012
552076
125786
690593
283053
194020
858712
185214
231437
409216
695930
896457
809859
885382
107110
912627
624652
992729
803475
626124
157517
489699
270215
621501
389449
659212
298323
453786
717922
989704
309775
465934
58132
435561
672878
341184
145932
47941
42749
377369
457157
738679
273825
783367
140412
380934
695994
765063
373663
499468
391186
531179
505518
661400
669031
411319
836963
967353
865104
554885
957057
174878
537170
15188
126790
726399
872723
272722
774340
915472
650090
747848
170502
923914
47566
310913
304847
743559
592328
194861
759379
983513
242392
781248
161265
911422
192566
998227
878775
57669
69463
352183
748899
122984
883722
875688
849383
756444
148409
140074
188267
798498
404273
358768
722411
451838
186033
543610
711749
778360
738470
471127
761872
980861
252374
439488
408635
961292
954067
287409
18960
23529
155943
767858
662865
39664
159898
512247
796107
308306
168672
984374
106804
572944
859493
345566
541133
45525
889175
252881
340236
143997
240359
102108
641209
9085
57947
49843
970376
12013
853603
505687
35542
9545
273545
698406
49208
949794
727004
361667
258099
412027
862392
881254
501322
721884
743172
42454
283761
632346
811687
623996
292694
568397
242455
933903
577481
300402
500097
547856
828766
870052
53543
864307
879596
843439
79064
445156
309584
322419
323174
567682
734445
701917
965288
235766
423800
708459
794572
223912
857156
122610
364260
149850
691006
606714
600104
268487
423467
100200
332694
252233
970251
902588
632891
366199
262378
228307
327706
571961
67077
650879
655995
801522
352795
621282
553639
292946
329740
864562
33210
186895
987171
397469
853096
678177
520534
453199
463015
460353
69751
312060
712585
556353
214648
861827
922551
477025
90133
766608
565338
157210
417486
221332
475083
286632
842613
545073
95930
688704
409635
129139
391950
396805
42959
245046
591333
563492
214596
54347
540196
284346
366407
252780
840699
97406
630959
279601
90782
721091
46209
656119
394652
980046
393802
869734
783030
752766
931159
878959
441469
340793
524449
833419
737597
567407
594816
845282
647250
809411
415980
187446
610109
298738
956577
967159
396143
587535
246759
486925
824978
809319
659395
219629
789365
53197
605715
88746
805962
536873
967704
763783
394017
8504
113553
647965
92262
708368
493246
739511
34130
909226
443308
644238
207963
916237
127748
120458
503771
890859
123734
845100
700177
299480
64729
5893
352676
186795
94638
674990
240019
578693
955124
634035
587196
68676
281999
679457
293395
775245
935320
327524
200822
378627
488114
925136
294863
132213
45593
314986
23071
685678
160085
723248
985158
741165
729140
854185
444311
340130
529174
684329
918822
649
834715
506018
585676
116714
185474
879070
408310
120793
722946
125483
15772
727411
50618
826986
859623
612563
658323
882694
298240
334760
605941
283397
75924
851432
137582
36587
707913
183107
237267
626735
183756
71982
649104
769431
705047
350929
164853
629708
988074
887798
755190
3845
615208
805807
347182
991182
418369
5505
873875
232961
340264
996167
516357
932539
363951
653938
485477
71863
353397
722744
698597
537152
311077
864052
822934
16123
214981
987786
162182
203054
391935
917371
723250
523494
723177
586783
514676
657898
108639
904902
890858
965254
901069
923566
414145
265019
93856
899621
336881
447252
138716
551830
500755
966144
932233
323688
498618
147213
827826
660799
866618
219760
578169
106219
259606
817698
209354
774281
991947
317992
679182
399156
283246
580250
322721
213742
361620
416576
113362
214853
380179
768430
283034
880933
734573
215266
720973
233191
878831
548798
893989
745448
284909
472158
368019
544514
806207
577372
318794
798153
411715
514328
197308
211312
610929
520028
425053
972549
452956
538415
703753
833134
823196
986786
230419
557768
202051
951391
790958
80881
500188
201299
342681
785096
189808
227051
845962
996014
320774
164755
794166
732488
195434
507825
943800
806363
544204
368852
295263
997159
423618
999015
346645
246813
502152
577063
320933
704202
528453
111890
301435
544992
829540
160467
846439
19347
387517
692400
15360
708290
373507
325877
957129
568940
833701
900928
891654
377905
786132
186916
891415
209749
702282
754411
972914
204433
847825
293846
424987
892629
922087
726421
437620
751627
403239
800411
770973
790755
492810
302685
15396
382668
144913
972524
467960
978614
389804
359613
872870
175935
62881
280636
385683
281514
551399
358596
485947
399223
168793
910933
291852
90880
153705
245823
358858
73295
46233
646182
864049
55395
948866
395796
438062
610131
884671
906021
588744
274474
781986
977965
450408
361218
774952
352443
642731
326350
227390
645029
725573
396183
72313
533776
3414
742369
779598
362271
815663
825831
8452
196063
881225
473670
591858
319286
83800
992881
741659
188895
267354
39996
683211
717762
401213
458162
586556
560295
784512
813945
205324
26436
210127
793988
560211
213540
536357
339808
92162
352019
681990
616966
548082
563214
606987
656291
398852
690786
649171
656862
396032
432877
696857
79242
666990
614421
53755
253545
174715
354618
67489
896390
381053
793968
690378
457615
523859
743086
313775
616021
95104
995764
232986
159537
75330
839972
332180
474181
47109
497702
131042
959492
446930
344250
38733
113919
958670
92487
367463
649736
447105
951304
62478
344509
745271
269207
802124
269129
12292
632250
401501
623747
628013
150838
299636
219694
507161
148167
210226
70621
162220
857619
30112
609150
201868
585196
723068
676889
677683
606883
842977
641139
558186
421806
501999
819808
691012
820474
605288
219655
452723
6789
843401
597088
673978
659388
816781
181139
807554
27007
251759
486126
884625
281871
95275
602845
867066
818342
796085
61100
941576
639061
218590
499761
60866
236941
835920
268229
57414
441208
487883
510137
964348
847636
623576
638325
507023
956708
819463
830929
500066
587574
317054
901043
385796
928680
20239
769213
747021
816323
830313
204949
455384
565254
221061
32601
802194
56981
300830
859608
498188
305064
886096
462535
152699
26023
617211
176074
499082
436674
7002
999148
540599
840407
900190
926394
769086
920428
695606
32458
253102
42270
237406
224837
123876
458467
257438
926069
31799
74619
302028
529986
379682
704475
508872
48733
246849
126082
224806
745931
79107
748159
745078
619705
588565
161619
546098
874002
598398
758056
422811
851499
800325
176569
76336
924200
635035
850125
366621
666833
441095
668648
713170
820776
889475
738393
869508
136323
864474
610665
882253
459933
358823
143682
79637
463739
305300
142087
337740
420049
900142
276903
787900
700466
453471
864235
141018
88505
230711
507638
271689
671805
692637
501210
8932
582111
755954
394792
718434
620427
5456
117038
596711
364279
260720
676348
344369
82371
334786
682109
502420
234927
959011
290319
451744
928833
670905
109113
17337
901615
616750
805377
89771
309387
822938
615054
407849
578891
9845
642634
715669
531653
759672
312380
412283
536743
505079
756651
619113
356216
955111
121532
591142
430473
928202
559237
359305
599106
668350
892993
17072
801451
214721
623194
627189
37658
238248
35038
132900
764444
677671
848569
296096
953694
677300
708378
490436
698730
465029
625901
54945
936491
747432
162438
366964
675634
721674
726268
791091
390023
619261
808163
191474
833981
431356
335014
387991
185955
370051
520890
950399
564074
885810
246494
34119
79461
471224
524555
294542
936252
666807
349486
389094
414238
511923
756057
606223
749949
482325
913666
656323
617937
238180
364148
968269
669535
699162
872611
855490
69212
393501
322240
149637
795662
568733
183756
391475
39956
224662
686016
492559
891468
551854
881653
822057
63776
154061
944632
330076
152737
858297
986399
770673
96476
866898
255294
282362
566059
127904
654203
151623
37756
976442
301259
833418
545175
1366
741244
101482
226027
427259
594041
633846
979112
992045
455903
559240
146105
400534
889315
298842
775182
392065
585866
388009
258963
357511
670370
825021
485415
324573
492995
523170
301014
310606
872939
362540
311971
614182
464022
54350
557793
574414
688195
536904
82810
660449
612495
745266
577334
501810
560459
352515
410226
146325
740523
669188
20187
410893
10561
505601
251817
503555
545123
69182
814160
418061
431722
642483
548595
412095
696832
106387
502860
385026
159642
585669
561827
772137
330934
139160
790298
891393
491675
200523
554069
748549
386063
574255
675793
396623
596208
443961
416529
141330
513143
747041
75742
461216
389523
140688
873310
86354
763426
892521
987731
923068
478189
549557
211556
325474
688717
1853
733218
696743
718727
803638
961643
104789
377893
637436
17763
490452
81396
950644
148133
110890
697684
223874
572105
87206
364562
961766
689911
127987
854286
193993
567406
332474
743550
295313
174300
948618
297165
907517
161712
532244
711155
123354
153384
605399
277141
687499
95850
874889
638142
243982
985778
335825
984207
74235
939382
865120
36000
629292
509459
890286
823284
76864
739111
83185
372177
913410
548154
185693
820927
709865
234288
48433
349571
387672
653831
143063
75170
266032
534303
713311
26365
36433
565487
10571
110667
504868
875691
146666
650511
385149
553303
990146
978364
292414
589683
866892
205823
137836
568937
543101
364053
803224
591533
713623
707247
761715
856685
782416
27746
390988
12078
570462
427420
93916
581033
54438
115135
973075
717455
765645
874575
270758
272143
852938
563171
861825
236182
285345
999660
805118
344798
363712
608341
452682
593686
315588
214397
966723
614355
758494
874062
142785
845308
817833
236700
426340
872270
351835
399414
589724
633831
273988
376833
905973
643277
456355
767797
879458
258052
283809
684575
602849
163872
809268
55530
273910
641207
786278
240632
255561
61124
114693
398345
906431
448877
635045
849122
321146
503231
764887
427221
137061
38874
804054
43034
198502
776760
327182
77960
34811
127342
278886
637659
807566
604505
209541
81475
245711
512170
322106
501272
89645
953150
415968
512427
402026
567364
361548
239523
586946
126434
666743
724007
681659
987148
283392
880161
763908
610573
474472
798718
737915
269709
952729
545480
874214
678621
143306
119924
707142
465411
137547
796787
934912
69867
309213
336937
153582
187113
576459
740528
313546
759553
464534
511557
746701
747925
908069
26960
874849
898892
342029
129115
168600
811109
190946
42813
489729
334251
679089
196871
799661
816635
993657
250924
402853
819221
587860
556435
6333
680670
296962
836231
956575
761495
864139
219627
509419
772207
246586
900619
671098
588614
29734
839697
399723
220679
398862
405803
554930
77950
602673
870942
894584
112681
121866
297437
448254
226077
370223
454586
906747
667184
807168
863321
428678
671306
599299
454448
443512
845884
355066
630961
950849
384799
470658
866923
605478
869519
272726
676759
463820
391750
547700
874755
20783
669565
688543
469036
895642
58765
923621
318740
725948
247141
698412
670977
918446
297710
641776
878310
659945
996842
509270
610793
897992
979927
477716
19821
365797
266793
696579
829616
174894
760631
704371
195676
430195
392913
664711
842188
451678
104684
160927
693977
351824
375690
364954
270269
673399
6729
664930
333343
519922
174200
460488
934266
670478
454555
470438
36275
237699
683369
382242
412592
443999
602964
608268
874193
512229
272978
232733
480258
377661
910011
174234
245836
285701
55539
516105
475451
62268
181034
325146
98541
871585
785633
32806
542063
756539
503244
94689
994237
186612
476930
406828
630610
596246
15095
21154
108474
804425
253886
588731
698437
163897
279316
944273
965949
334855
460377
441399
913474
157762
282896
12014
545699
584880
44820
87761
341418
64415
182449
852006
767378
175730
258834
914339
288327
790280
935492
396800
594704
705730
501882
809493
385978
297550
753765
868278
632404
730493
309676
545877
404606
108924
74242
950304
693803
119061
38064
35221
699827
736864
887226
467204
912594
662411
381542
200920
969043
833386
114072
80098
55467
132305
889590
441444
429854
643354
309721
578609
373846
135748
640837
778452
244671
715079
728755
938474
834139
283171
490046
50318
20034
893623
517521
448979
72386
415415
166251
41428
248800
280322
121525
304266
928978
11115
262061
875184
654468
88133
453792
544666
223880
94629
839469
984903
809707
568223
439728
160197
367745
929773
210514
387779
339747
244387
353109
412132
176153
519359
453559
424952
316032
91436
245569
761362
102550
23981
636545
273369
112113
90336
334386
335992
701316
173854
837246
511022
742077
276973
187571
626173
723097
914436
530303
62844
675174
883412
991327
851326
919122
961238
792629
751506
52673
554549
512867
671574
578529
149411
944942
690641
239746
279328
542985
941062
453181
380230
968435
711609
173555
672357
854134
896651
586793
384436
475846
261966
784199
467173
629644
703321
428410
422272
454826
997434
976821
967692
669007
555349
633454
130300
762342
389551
925979
821678
846964
895512
718259
815399
123472
891813
487755
977605
788464
590899
878393
780661
369217
662591
247833
998860
365911
192594
421131
337088
706379
397951
821131
375385
469652
454584
22037
231993
844135
464367
53670
207450
359878
771928
22848
999702
180093
26955
977306
484908
134205
372050
265568
503421
34641
513401
502280
916903
222346
923411
770343
928725
837713
591473
820461
307364
562409
358849
55708
922895
823216
625729
130344
183093
914009
669544
182794
94101
696498
676452
579008
347054
48501
360927
850475
599493
390679
352754
516396
613025
792516
286738
58101
630229
394562
394913
453944
956970
753762
509652
879864
576977
651732
526560
276421
82092
196103
975567
176192
408952
652018
271551
756005
216870
148830
606479
816363
539508
475585
332758
668884
268100
135847
726984
898328
530408
121897
868624
487378
392010
378275
883593
968986
546358
410152
245406
628450
122606
220972
320993
531557
389341
108896
803914
606211
257725
926744
938925
797232
402328
271682
466116
670428
407528
709451
85107
454287
831347
953730
941664
223356
848356
341609
708693
394714
268112
470451
539515
390718
207774
860507
438626
113467
969402
242539
719677
227126
169283
174953
540710
87962
446634
6825
758389
370513
716275
843496
341151
63974
313577
282815
803681
161933
140775
28726
72998
408886
499176
612512
315955
706949
473018
754581
336767
958772
513471
572795
702249
199105
747747
759310
287067
710732
766134
45455
597596
998761
405302
938747
579086
718879
737913
899118
397163
878687
927843
470160
287572
943370
82671
119879
166671
72040
874459
503437
547163
904281
76232
765764
103386
823978
525073
390452
534710
807559
952258
132305
322671
873912
71051
901756
592790
808963
800873
506304
687649
245068
976463
491573
188437
575485
611451
355107
163876
2261
858544
227391
906541
934775
993154
9926
275104
34578
916729
809813
842136
868987
942118
164806
742898
529520
582913
852039
338483
900138
874694
542483
145205
367508
550407
849993
942992
678209
205100
623219
196821
579995
366961
103362
31121
876466
629639
306224
911044
62720
116037
753179
448058
574506
434337
190955
104025
17249
559345
958859
917386
434038
17694
578942
801545
568100
428935
260888
762661
150386
400458
959481
730380
283771
579194
761500
160236
725185
584075
71279
787904
700111
340810
235961
790968
775146
943267
411345
308746
18963
886555
742484
969352
904248
321425
287248
988700
750359
64487
751360
417096
464944
227192
147475
265066
322738
425326
425302
47922
9401
12932
352177
225863
353741
104489
16831
645238
47755
944527
470336
583069
831081
212819
552420
735329
534243
839667
240380
800954
904153
991739
218049
885448
735282
881876
150514
58019
307201
92167
622292
832953
105098
974468
58816
458839
78956
591998
620428
643062
536524
90763
226130
367604
303581
778549
619284
354176
134567
859663
671481
555071
367753
405881
440519
103035
287756
107384
677405
111309
199550
299697
944261
304647
274164
3076
279837
869472
595073
416617
512533
647948
507379
255015
15552
327312
549915
634835
197839
684482
494498
869319
755904
378602
275199
712774
481636
79307
820157
159041
190615
536058
458737
651227
357057
249252
654303
636893
635075
765727
569861
147608
930027
77240
918974
945578
920903
468888
96764
118741
669721
107613
504411
425625
486215
295961
138398
484202
375267
958555
643242
82233
10964
618330
733460
368020
383934
904114
521265
19008
186192
91125
682967
116218
684716
601940
578147
605618
70828
191263
724358
740548
298875
745120
166172
301441
41081
304570
785643
932699
779476
945236
14932
790439
79918
264743
158459
980203
685208
196075
999210
871399
287199
198529
503969
971915
800468
598467
93884
871295
789729
334594
128195
604956
79713
294366
422748
120793
115287
724742
53492
894762
186330
584775
201553
266247
365869
876363
762801
51076
72437
278362
438826
875987
476890
459146
364253
277358
57613
458137
665004
363693
792730
793198
485000
872442
603916
907748
509587
719202
632489
79430
130316
335170
180556
848220
117768
546424
724582
880568
113851
313370
158930
552676
189356
635819
528174
553609
429528
102138
528097
94532
465830
320826
887729
467182
709619
7996
374929
219205
243550
523769
298634
373865
858939
479189
738436
976706
541964
463017
373626
655814
292738
532555
724842
482093
684725
769367
552053
114253
871504
80149
208784
853685
917326
612864
320866
626945
620860
212146
362501
864409
252267
661135
754625
627557
656675
493060
120614
198639
472428
494239
370804
765165
543145
95645
763609
227870
865011
832014
858474
252866
428514
67257
106551
345840
196472
943768
489136
333683
155914
851636
714443
924532
29122
469067
552088
685797
478478
672701
400787
467257
166940
287942
748773
226436
899939
28734
970657
281301
860747
829130
534167
805612
412738
157069
667803
609210
100836
156938
942892
773101
524926
657335
697632
554047
642753
766071
756195
637583
438772
673333
104839
122063
961275
853612
348498
861213
882345
319155
142513
259443
664636
193031
65054
77374
350099
732857
686583
967287
406146
145826
256739
931071
319512
954371
1470
962265
236793
757664
116199
675564
430997
737389
313978
908623
591000
178828
286187
989696
14334
945051
765490
678969
138082
346896
756342
4532
79752
959276
971818
2249
105102
744909
933320
940965
215631
934789
419581
452423
208804
535779
127987
156152
273168
958316
64774
380519
137143
350960
886567
151476
812363
652056
346797
950444
998951
103138
471327
595054
578766
959497
597303
683867
704405
46974
141183
920035
981762
560764
372457
190565
96542
16795
863069
886061
975111
927842
266580
628605
795154
669498
296433
607516
321553
643229
74311
836856
262718
61989
948261
841483
21485
545563
41701
725889
592536
699236
162275
90649
259999
534732
797566
872892
67878
660634
758953
559340
104827
541884
704297
899980
211381
729
23847
49285
160309
614509
886140
939378
676498
834401
297213
697982
896315
855265
940223
5203
554500
618849
612203
814498
669932
409768
687390
737810
586753
962694
813501
691580
504577
517797
107911
232309
34877
131758
281593
711537
262618
684085
650915
939115
34837
948127
153449
931151
319743
610023
452705
874243
228871
64908
205092
415155
991027
892481
669316
577780
371526
482816
785711
392454
516965
893621
624762
551841
541730
906355
263378
804348
106791
430644
259814
141627
895122
929614
589129
214864
539636
41834
89106
284859
623093
294198
216365
614119
703030
885680
708250
590908
368495
10312
983361
885459
903933
608123
953652
962014
30829
217029
282713
137619
164024
58879
795597
59145
988492
384725
274008
44480
942910
879466
845690
566002
690015
62054
696473
909396
947733
921074
500303
316227
931386
483664
718038
351670
608138
671689
313683
638966
405069
112748
292936
85444
687978
88532
144588
676469
989608
934947
237300
932518
330764
82989
14871
537130
661394
711343
446526
609126
632417
946828
441705
563802
946843
676094
431823
554980
864134
261857
710297
269202
374604
519584
870997
578933
124467
15584
771754
114075
466882
9053
562944
313998
608394
577814
851127
269787
289157
297652
878913
437925
760832
320617
518078
224026
513062
949900
295358
377195
728108
5654
646396
619064
41590
33744
197996
166056
565679
969749
796482
32560
978802
359425
862909
587195
937239
714036
856981
742747
528039
252245
697023
805222
89213
215100
29248
602274
681351
324605
979468
409458
846610
142215
28521
888199
175958
226517
570607
741636
712617
367088
290548
691418
726513
153456
794964
180103
867491
168297
922849
395530
420541
619871
717103
509754
351322
746350
112027
32672
587306
607847
958481
433916
750061
503354
838466
442371
246222
925424
184006
958838
808864
474553
650256
535376
628009
961571
231830
11851
129867
154678
923732
550408
290900
640835
576513
642221
903536
204891
674892
490842
812737
149724
441109
79150
653077
795926
521520
899298
721350
221877
858136
530213
696430
24743
581940
840790
986313
813769
368992
116180
968446
292724
182939
259345
449910
275803
417917
353445
480693
609160
360638
809782
758883
801746
888931
928312
597672
926802
827609
835373
148678
202096
365585
361459
226838
463876
202248
729503
277644
87592
362034
762441
896667
544972
538137
346576
337126
956053
216372
817818
565212
577010
143951
324094
378755
32881
768757
492778
476034
596366
328150
624712
314813
210086
986170
541651
673961
704770
787505
951604
792361
149538
230396
689027
210861
768532
551954
547986
724584
768325
882155
806147
861686
26106
646593
240441
575338
415349
249570
51372
11714
94072
192435
842879
304157
694956
384529
978118
916077
688385
446073
224789
837922
676469
913815
565134
445000
982120
629471
685936
266797
511625
492082
128482
54082
138674
885274
629420
70375
134844
197143
598440
228915
389577
441318
533071
600884
342198
27540
516961
30582
473613
741749
384855
150081
171916
949988
111432
154035
579458
797367
420831
607435
805801
549313
661516
460826
434586
807287
531200
85781
4429
645992
314695
910357
87309
364118
511241
429507
908009
28201
460088
381621
769949
844943
48053
941864
311282
159485
612251
407092
473203
33081
14526
795355
98745
192393
772533
49683
999680
820084
135463
4108
466075
966510
430817
553384
846979
942057
982890
754987
970257
959329
136608
256557
320623
701012
714773
148257
376848
327023
555348
366403
360103
86225
161757
975200
278617
934289
24882
794648
754373
160344
315108
736799
643205
745924
290182
490183
687980
789423
245170
174588
265104
898129
431144
585726
599140
145916
250334
975988
472938
805681
342390
349393
408257
20498
840944
686874
471139
865825
997873
741863
542520
312980
478661
185725
58903
768843
675907
746882
74617
437428
921469
339720
335556
868965
441798
934696
14880
692131
910683
4170
497812
769424
869914
906068
789921
710857
109293
261059
576681
623518
2921
635552
936497
481582
821276
995400
766776
13535
258633
841392
450962
180102
181112
786518
565418
622909
721213
96649
831391
148247
100818
329202
434022
487083
751622
223942
197939
377266
1353
290971
783
520625
926523
453632
518558
264150
449031
285333
277684
707663
643077
728646
404116
340540
515163
969533
479800
752727
582534
311190
417325
683351
156744
851346
170434
424717
75287
884724
801982
592991
692047
319117
113616
618569
289100
632173
399070
738130
433858
676754
962144
76934
405399
882612
933825
436913
368496
413624
705991
951029
241165
123315
150732
397908
974660
837517
822624
566298
722240
140958
159289
414286
976426
789256
549206
265525
937780
948276
520006
371637
141381
998501
964922
63131
881112
898746
500043
765960
828721
722385
716988
69886
362051
384071
984145
336710
221587
806769
419359
460179
464078
94999
390816
956855
400606
940022
222379
338386
404649
258736
710022
546029
257236
674944
609159
138348
90041
625553
420659
918762
864289
137646
504999
226339
38069
489143
79400
259655
812263
498758
719833
792692
110109
110649
749546
510714
567022
488276
849099
971670
747011
75473
34050
4247
750416
159560
658946
356808
785112
79604
791921
165752
733601
813271
392090
771669
302414
471489
547676
631028
970246
267508
940072
596706
894508
689617
107420
461529
694245
472870
949550
441255
548342
983599
961853
815109
143158
620798
171917
444621
216753
963837
610372
466706
777108
2461
754726
595873
990301
302401
743252
476899
569909
683323
73604
464416
889292
697375
442297
99888
170245
391846
541142
718586
891797
19347
533695
34954
156496
221963
995927
373249
702151
122650
356306
995610
641463
111031
591482
631763
413432
851086
108661
499692
50760
698617
480459
456403
395991
922755
556290
82587
830953
613784
801173
722749
633130
851219
274054
305977
589533
269980
195577
291683
908982
551882
287293
550444
662913
395126
698558
592696
762563
323571
92387
813323
22187
89197
786077
934529
528304
342367
17116
359256
472502
334640
598356
621983
702210
872409
927959
291742
658741
123536
583424
84074
675417
387068
634517
854681
298546
849426
447376
61108
172996
56114
390782
195182
661663
176859
129711
189966
35577
146826
65573
508078
997817
663928
130060
700026
52688
574370
991767
227780
697905
91542
311853
889674
994962
946369
260706
293507
795795
224434
354614
968790
796899
745396
680324
458561
438606
326386
648526
474182
989563
230450
982259
987379
410729
628670
687404
463417
203039
195522
691196
417296
287063
3049
823321
282024
465769
600378
91882
777915
824811
962848
263057
621710
224595
943380
80270
663200
786117
245148
137381
775679
475597
119639
763057
886326
264660
450460
866094
984050
645981
557289
917697
449395
76689
257369
247771
58810
857747
339652
836724
682557
302499
99780
304266
527093
559511
900888
706644
861979
146035
844024
637657
137983
480014
400713
540660
744673
367524
406753
728723
529856
480394
162771
495603
557082
420140
743373
132243
277886
599376
968967
960442
418227
585098
781060
461671
660961
681947
168315
522939
344333
12338
160596
998667
492352
77660
539327
753376
961536
462431
482098
491391
942824
644869
503345
16258
581360
763069
148500
859245
362445
633818
819686
780671
735268
600745
758693
396228
799043
927007
435518
659727
455697
596113
658394
948048
190125
197720
217775
151660
176502
699873
159402
635678
861093
179099
168287
442452
942167
833138
818048
304611
466956
637733
601633
202223
754830
360326
114802
70224
803684
550319
729951
259380
662784
388344
723779
852908
102415
941554
520919
795268
157778
196672
430945
535222
375770
599231
494025
317937
432369
312072
622547
415676
466156
740532
134250
737337
617209
249051
807561
420892
799369
53863
196624
462152
958558
436754
831411
60972
894659
352329
372591
52436
65353
803536
104009
441122
919118
598033
759058
867838
426456
897957
799865
408964
638488
934114
146300
772048
183164
470212
709291
498885
524074
905914
477388
482631
859020
308799
59954
753678
177479
432545
806114
242831
752432
426474
683953
187901
540859
959362
55739
483666
857318
855603
892629
12157
306069
38929
784204
5584
25492
9847
504468
549566
432112
498208
548548
291131
323358
124854
44809
500836
557398
367274
260019
826181
793747
460323
14081
334605
936036
586171
818271
793354
958126
227251
321862
264194
782531
622418
269777
808023
632264
290597
357588
64375
788804
422487
355506
112161
547340
916666
129348
621089
283939
905718
963621
594037
366040
977702
444994
818428
80224
263264
611781
38349
6866
449994
302542
789397
72411
88671
597419
221026
379267
471358
801753
684422
893844
673610
312934
957536
590275
958633
578624
874213
864351
542245
468249
746742
36298
913242
565169
116521
692857
693301
154870
216075
659647
973763
5471
732057
62433
602889
469435
958051
74246
271187
158824
484441
944796
471757
441976
51422
430390
20600
925634
811092
79196
910234
74185
115493
339828
155706
232013
549036
849006
903234
765110
25004
876997
286932
757061
455781
889820
742847
413832
480417
530385
572655
964858
475180
560764
923185
42953
507505
460136
968586
834948
539331
395171
909132
654823
251350
581189
403188
316738
946547
306421
598199
971550
699769
885131
728610
155550
291302
987808
85733
288071
518192
658387
769280
509723
735502
692464
552675
243006
152600
37612
77953
208282
949135
503437
379457
716836
84625
782644
33573
31171
605416
148124
2721
305185
549606
247682
460734
357259
235490
546466
645329
270033
721204
414608
779756
456706
623424
332430
216063
292375
886394
810368
500656
835528
313804
880112
552363
398428
179107
102288
945951
784523
250411
948671
606059
316368
196352
583144
673626
948193
645961
318955
218226
883516
249914
997981
340221
389689
846762
72636
682063
733155
883003
699071
85034
196806
579182
637397
111585
274641
739684
57535
59163
506446
6205
181573
339165
718909
764716
12790
667101
410676
848096
401678
294191
614362
916010
150764
4050
279124
739751
686113
528630
622753
385183
613664
335910
480716
251060
447494
755356
507095
21381
330870
529892
543937
512442
869056
779197
793509
398197
962650
720536
246293
364327
531079
860654
280337
681842
381055
75812
421592
67167
604441
560696
968701
218104
896605
449417
985515
860450
721124
8961
398182
568346
538852
942119
597139
924259
721315
390648
322456
683964
111183
85100
564643
642261
462105
361331
840454
843159
437142
778397
426678
41582
855444
395378
259686
752048
361146
761552
128850
82270
770513
43383
166967
825716
985501
764105
749975
223168
154752
588782
423483
782287
673881
988125
940899
652337
349455
781353
495495
302948
76101
438524
344530
931545
833902
120567
199944
711399
882118
845145
310020
168982
888528
476986
994698
390380
241091
744672
613547
912194
849805
553382
694480
40037
541506
151731
692373
407313
933083
704219
710260
525535
142743
571141
457079
976644
691707
173375
688042
90177
18519
998062
259158
907046
991399
770207
297426
232489
31230
427324
144683
881034
980705
355514
921070
38563
507244
129794
962227
956678
834013
672486
482213
976755
759979
455643
469750
968037
145369
157791
574565
163888
672204
833723
587285
179955
120281
401062
412443
151511
828386
73477
548896
325442
945343
469966
880356
452586
599759
842582
925616
950123
31420
924180
926877
307750
896174
396626
275786
41543
70769
850351
205430
259324
200425
309066
439278
320705
710128
368073
988567
54865
957901
537463
896658
903243
7428
777014
872181
123538
135947
797796
73661
167366
721975
516889
475115
618148
913515
267253
659690
500635
117603
381471
276310
318027
690537
715588
155083
917016
600012
143650
971880
557912
681112
384889
977507
204891
161902
849687
844780
814201
647482
434792
981566
369456
951681
973033
503955
381547
756637
679997
882181
874239
61467
158490
708617
268355
390429
863699
185370
506792
523700
673601
64704
204811
58490
42210
926053
736743
891896
770833
550943
55729
205624
48861
941536
157304
538245
445490
55202
294881
641838
453734
685471
219657
128576
394087
488011
35356
774137
189733
542148
297837
379685
606851
18999
954526
165412
945052
691269
573659
715884
758563
629387
437859
807423
87274
595163
862019
49115
166716
156899
690953
620450
842369
910609
749025
236455
914971
300732
526944
621055
842879
824780
740
966081
360130
471617
131492
305181
162885
221502
537416
437800
367240
975275
245222
454513
86789
107241
503628
253504
780491
710932
390305
622860
621540
655681
375666
536510
956413
902609
157565
799291
243740
674656
765372
120222
146272
413215
425402
825509
151069
479170
263308
518308
454444
24881
489173
57584
648473
992800
311087
428964
220083
217744
568175
841622
873424
460192
894483
829836
879153
568399
145479
639244
243054
427202
759465
905678
840416
701219
731186
507836
180388
510845
26144
151183
535725
515316
208766
700550
24467
36204
645865
244549
253947
214039
602522
643723
190582
497004
989910
69734
581755
135388
708978
824808
78941
468442
246837
435709
686012
494374
943544
866399
5218
969687
17581
57295
1354
742698
274196
542172
778902
920060
303072
549200
650450
421945
709274
841031
918949
699184
910765
17055
350923
136094
358214
429864
604535
605051
865572
290547
99424
809115
673297
620994
295154
207230
678288
812859
949927
952483
871383
245180
872542
174454
310732
39343
596399
20005
880373
31699
235540
307489
48753
586463
443582
406966
532678
564469
528368
398249
371367
627792
723715
44663
248785
535220
768244
443424
864431
234523
912258
735813
479702
301151
426618
306785
340493
539368
843142
220865
87418
78681
528354
652522
181495
488287
575840
714172
52755
104207
112420
424121
248350
352487
468784
13486
887706
237027
456909
752136
987901
369166
4300
467603
670316
430918
290739
10808
970285
133880
748025
57703
728913
792730
710224
910407
281016
802415
624579
333771
906622
253350
757891
154971
605836
743026
168457
9894
496405
141717
278381
484305
510883
799033
468259
697550
229950
275350
224710
716586
925581
489086
290640
654493
281815
517216
81252
562830
319630
705830
412952
226251
475531
687195
897574
597719
946572
66030
123964
959328
724098
918696
959985
751332
717728
428243
448882
947677
219944
189943
180615
145525
679028
471254
316369
960842
988469
397620
40023
308099
619801
969327
50701
95332
172873
948274
693050
119444
530655
333365
78772
254753
252060
38756
6084
969788
983350
971317
433816
203294
161259
614430
865170
356638
85684
181538
317479
74152
579158
873854
898602
715310
359532
949303
810641
532404
413928
20042
168199
944583
353406
763322
715687
605466
318429
721770
91605
818131
209439
525420
537776
370697
139850
402945
727335
225533
584482
561165
816036
679991
951370
230990
395301
310901
696644
722293
359656
110571
258687
44207
571505
128444
807528
287191
250261
125957
8961
341865
944087
218399
867285
481862
105447
523486
401158
349133
265370
501991
426650
597757
181982
378019
828746
93634
205272
41741
332278
81279
152312
590964
125485
723816
719408
933013
527359
486020
575321
536319
827885
35759
271069
211521
33972
892867
735006
435129
242000
375
937119
185001
598131
635452
563019
943229
245437
284642
984969
577715
882273
653632
685030
7757
377448
920789
457121
421158
406809
32441
473828
234693
584551
744896
446213
618522
154114
697570
53650
912465
697944
990769
97465
812426
142572
176836
755654
388009
977829
740623
965723
860101
394254
650752
867858
288053
571541
841330
709210
494701
390123
183037
729393
974673
444284
691957
593195
114750
905878
646844
27214
603821
153964
641031
416246
296536
817866
171900
684544
795694
428874
166618
172147
823127
333721
556356
627532
421613
397685
336741
916313
787807
36130
162057
762480
996765
370365
355674
111514
276242
518869
655080
880062
189185
296110
812660
485720
630327
500911
686615
426020
929784
369584
114518
269262
703304
670873
413145
124917
68558
266238
557581
372716
302367
719638
135195
815483
90002
7220
926997
882596
42441
582076
279009
231625
878185
91668
233696
508511
108930
920310
450882
555065
806245
81752
340679
509548
752624
753823
150816
337533
20060
708397
710249
322426
944386
361795
137909
550739
369015
581257
433334
411455
679684
712343
159431
74220
320362
393126
99082
429292
829787
549963
984356
636031
631714
325034
661930
900690
78857
812746
238222
615268
37494
464822
937694
981879
826617
591954
532617
711983
689562
965951
639789
369245
678293
799219
443464
998654
192344
542545
944297
538482
608859
928653
174512
756925
770038
352793
657614
365246
681890
412187
980514
719383
877009
434559
701261
703625
542864
750230
931959
232425
716180
571747
118021
910824
370965
561484
425829
79660
620380
886478
618141
229238
815130
309004
502514
101519
661796
160127
983117
343686
88666
963630
63068
965674
914540
280681
185650
457403
30910
117608
206179
263441
689354
840551
690616
576670
402034
116444
656329
538765
2921
274469
768002
334402
99824
270516
952273
761619
946994
935389
621656
35659
415370
201076
517684
329909
481756
219685
303663
29017
337292
26193
808809
542997
866743
499424
119666
785128
132219
292346
323892
651492
566814
608245
985893
666637
395112
454517
944608
342106
906257
566263
894116
321626
767338
928152
167886
765445
147836
987900
794461
1480
530444
119621
60828
913538
619044
180494
698665
751263
472839
538908
402754
556005
663505
904998
738993
58616
359515
683600
917073
782123
766215
327541
103749
49904
255692
787986
815349
919879
775886
126161
921358
306329
245782
982186
219867
381177
679031
434883
132439
668221
490143
51544
740577
153647
956542
479570
728614
832408
679521
162039
614530
962087
489579
234630
11991
261622
22616
343691
181500
798501
986203
619210
621181
748336
601395
357399
129513
796777
308634
261951
981349
798776
313495
721926
468774
786388
717847
713739
618795
913719
875777
233324
875806
365355
984306
404148
626976
6921
747838
324828
321773
734040
944037
459305
482376
61783
816704
128240
374911
641689
390190
356259
956816
220036
78184
941941
6423
796030
655679
141569
709749
531456
891245
101906
413162
875550
506053
556490
882470
770242
881317
204242
504281
341705
663546
503008
403487
996601
631247
778397
154641
537789
134655
111456
274176
729191
53396
280599
41572
709075
422167
267672
756882
313411
369577
170043
188960
391981
726532
587781
162222
124200
792022
182855
465904
971920
202214
869390
484872
349813
164138
639513
887601
298793
750968
161776
544335
320716
958726
585906
29790
897245
853578
303023
210655
739506
473065
915967
131487
715949
20099
293708
840148
328473
476562
822404
300392
678776
691793
301615
28588
855931
941127
432540
671075
208447
110667
215409
529162
69393
317666
75303
966637
171243
378325
693643
910749
367741
125961
42235
83689
146060
852294
440189
990884
328856
262592
807627
523983
470736
109241
68922
843018
50368
501461
30444
258814
128479
245852
304327
197871
563518
379629
680859
251112
274305
890854
161860
642045
533166
720446
242086
195577
572740
198626
186460
417947
977569
994086
941929
448304
103327
10850
807674
670046
28662
838117
445211
157140
600321
749537
871363
163838
645517
68573
931301
436173
959426
609513
594569
492592
329958
353006
688168
419049
551631
390980
836995
45551
385065
295275
10207
488391
822476
817880
674788
851137
655996
119998
524629
256316
385886
912343
936505
547754
980915
867806
983926
940341
477318
578495
949284
323627
931500
153803
742676
999483
544782
96022
45033
929847
907649
55239
934589
730124
873118
609377
97613
45466
245726
138593
818133
631612
50935
754638
179365
31849
138795
679643
488541
132464
258137
437824
972442
705988
591627
231469
221822
136408
327491
266855
582606
235139
838445
517195
481614
227915
642923
579226
273380
888648
717818
607864
36611
768752
362501
732328
316953
17647
411970
805493
666462
670106
759669
638904
892445
351295
870372
114267
4054
714214
897473
586660
949352
735917
620206
430966
480183
263128
526543
269914
668127
244361
877778
704738
529464
756630
437065
846416
774277
849034
168261
440738
35491
927929
595993
444287
279223
466365
558553
799628
180578
456025
902639
646282
708294
522844
593599
704828
302323
120141
974742
970450
880853
852519
675187
926669
125500
112251
289436
899776
477636
457696
856866
29478
385624
452858
473764
181198
435574
32317
497178
616152
4693
399816
778785
229338
922660
372383
934166
741334
8875
908907
711783
406080
277777
903321
849100
403276
531923
138535
819404
9558
596231
192621
39035
981854
161830
512799
679404
597404
61467
176581
729907
582511
576396
508691
328201
15407
397425
262366
756741
922651
687624
984875
845082
965400
888196
694181
885027
420118
832716
704430
946028
428946
413402
985062
927151
575232
14212
606554
172635
592030
299486
902541
690893
392234
927583
19093
407640
841359
281458
680732
764009
969081
665607
125443
450832
70154
819623
852210
490271
652338
556640
952650
597635
486393
454064
41138
61624
468275
164043
234258
576657
463529
653150
267549
855762
97084
286641
779753
454794
84450
460485
735155
569882
642443
860597
537065
228948
680219
389274
235570
848909
462265
188220
446543
948658
642283
487680
10281
626909
168075
760891
203565
631603
930392
987465
487364
543828
790457
267116
998621
874906
243952
733775
961139
402746
594371
498203
631693
790942
887477
867263
639850
866093
55482
602744
814750
697764
606776
341383
324672
774850
618625
44589
406452
549016
32053
410167
92843
822510
193634
607816
213767
953938
341590
174906
356683
452313
673108
988376
243254
76936
855638
399455
943029
911119
2198
274130
125234
125325
615512
449905
900174
234136
10845
822977
299504
42898
749495
908698
381759
943129
516513
595525
413418
374455
770430
770100
826767
959890
758475
70020
553177
130464
469474
12557
557934
988023
286687
683167
113348
902198
649424
529873
652686
660268
352850
952189
219517
618696
860886
601275
78176
377399
196800
491593
751853
483581
261693
578619
959822
536519
164990
512999
666983
150815
525555
741268
138837
812241
424435
252184
230791
590210
782057
883476
766829
651258
835664
986346
269953
212901
587620
348129
106651
300771
839721
858503
784352
617765
953473
744173
154284
634814
773523
337618
785628
299078
78885
924465
627670
19671
693000
374812
609880
991408
258287
893061
642665
610302
879406
428970
339555
983377
293450
446205
800500
133170
304708
101203
267287
774532
361727
421570
409346
135250
759187
711325
950679
354423
635789
94700
374094
845141
469512
500325
836548
244150
393385
995565
370804
789142
424534
710358
288871
717983
672914
89370
367504
977621
706924
634790
268505
68650
572711
194202
720251
848249
905526
670929
202672
57667
281981
576765
902807
267844
77089
739354
511993
986826
251270
399148
775967
675803
625857
581189
910137
298771
670558
793993
792743
377481
945134
61247
962483
517845
771800
682733
882445
677326
353662
85116
734992
151994
178232
637798
419837
255321
893503
931829
758498
144773
847329
534464
336927
473185
115653
763416
288307
302562
73760
81050
196395
18893
658648
158877
53089
430448
841609
935534
624125
711622
537001
359116
863615
715233
513265
283451
486905
923119
731632
245402
67891
578960
296217
921170
568496
928221
200937
856803
747135
274696
454204
943529
809940
629203
618757
863029
576002
460365
314914
200126
688339
851914
75593
68305
83498
105209
351756
570402
28328
599739
332155
612570
695050
628372
533739
779897
72944
734675
153051
820078
525722
607254
763606
335662
752809
898714
715042
328810
875431
29955
528936
563769
398220
120880
632073
998070
226089
500180
568471
254416
616270
416978
866985
311319
45349
917076
91216
118292
651750
760618
454722
177472
367872
218327
29485
120680
117041
744526
965841
508823
290832
494776
72591
689051
615656
221015
687120
358096
237547
771943
612511
853816
188920
479495
165135
750620
396570
772702
385263
564672
533319
839984
258495
417542
574663
287979
54573
208055
32504
536766
716877
323335
31541
305819
528737
163548
526833
732209
521643
764379
20503
650505
618195
725774
646352
