1000 0.0121263
2000 0.015941
3000 0.0394644
4000 0.0653076
5000 0.0983772
6000 0.153713
7000 0.221735
8000 0.241415
9000 0.323024
10000 0.395866
11000 0.491309
12000 0.539925
13000 0.690162
14000 0.732177
15000 0.862121
16000 0.958199
17000 1.06683
18000 1.21328
19000 1.34548
20000 1.47301
21000 1.61852
22000 1.88596
23000 2.15646
24000 2.2203
25000 2.52491
26000 2.64747
27000 2.72574
28000 2.92104
29000 3.29069
30000 3.30607
31000 3.57641
32000 3.72461
33000 4.03535
34000 4.61313
35000 4.58889
36000 4.91876
37000 5.01791
38000 5.30941
39000 5.78741
40000 6.04116
41000 6.27386
42000 6.6977
43000 6.88706
44000 7.30913
45000 7.70859
46000 8.82934
47000 8.21407
48000 8.55902
49000 9.08324
50000 9.26845
51000 10.4126
52000 10.515
53000 11.4642
54000 11.6421
55000 11.9955
56000 12.4788
57000 12.781
58000 13.6428
59000 13.1397
60000 14.3119
61000 14.8161
62000 14.7877
63000 15.7311
64000 16.0666
65000 15.5052
66000 17.2187
67000 17.3399
68000 17.4228
69000 18.9481
70000 17.9921
71000 20.0266
72000 19.2591
73000 20.4426
74000 20.6561
75000 21.9603
76000 21.743
77000 23.3871
78000 23.4579
79000 23.4659
80000 24.0726
81000 24.6121
82000 25.6135
83000 25.9016
84000 26.258
85000 27.423
86000 28.4063
87000 28.0919
88000 28.5282
89000 29.8487
90000 30.622
91000 31.5803
92000 32.0423
93000 33.2318
94000 32.9141
95000 34.3335
96000 36.2683
97000 35.7485
98000 35.679
99000 37.0008
100000 38.7307
101000 38.628
102000 39.7404
103000 40.2985
104000 40.0969
105000 40.4394
106000 40.6667
107000 41.3052
108000 42.1935
109000 42.8028
110000 44.2323
111000 47.5475
112000 46.1059
113000 47.3865
114000 47.9548
115000 48.525
116000 49.523
117000 49.7178
118000 50.9513
119000 51.4988
120000 52.3747
121000 53.5057
122000 53.9696
123000 55.287
124000 56.7982
125000 57.7612
126000 59.6834
127000 60.8708
128000 61.5952
129000 62.8373
130000 63.8604
131000 64.5733
132000 65.4292
133000 66.6753
134000 66.0736
135000 66.6164
136000 69.568
137000 70.6969
138000 71.3576
139000 71.0376
140000 71.946
141000 73.5069
142000 73.7238
143000 76.1117
144000 76.173
145000 77.8178
146000 79.0384
147000 81.3735
148000 82.1903
149000 82.1006
150000 85.0653
