1000 0.00444036
2000 0.0232464
3000 0.0417139
4000 0.0777622
5000 0.114038
6000 0.181431
7000 0.237058
8000 0.324142
9000 0.370313
10000 0.48671
11000 0.585173
12000 0.722727
13000 0.82223
14000 0.995539
15000 1.04961
16000 1.20205
17000 1.34411
18000 1.53476
19000 1.7026
20000 1.89882
21000 2.06038
22000 2.26814
23000 2.58331
24000 2.82947
25000 3.18835
26000 3.27937
27000 3.55627
28000 3.78709
29000 3.96322
30000 4.51561
31000 4.58284
32000 4.8609
33000 5.12961
34000 5.67235
35000 6.1835
36000 6.20944
37000 6.45851
38000 6.79126
39000 7.48668
40000 7.65355
41000 8.09363
42000 8.45367
43000 8.89563
44000 9.30048
45000 9.65556
46000 10.9345
47000 11.1969
48000 11.0886
49000 11.5776
50000 11.9725
51000 12.7288
52000 13.8782
53000 14.9043
54000 14.9926
55000 15.2591
56000 16.175
57000 16.1842
58000 16.8687
59000 17.2362
60000 18.4604
61000 19.0074
62000 19.1784
63000 19.9937
64000 21.0884
65000 21.1853
66000 20.6594
67000 23.2392
68000 22.2401
69000 23.4611
70000 24.4598
71000 25.0723
72000 25.176
73000 25.301
74000 26.4803
75000 27.7991
76000 27.8591
77000 29.488
78000 29.8987
79000 30.9145
80000 31.4084
81000 32.3812
82000 32.5472
83000 34.318
84000 34.8471
85000 34.4093
86000 36.3761
87000 37.0061
88000 37.4153
89000 37.8479
90000 39.7168
91000 41.2277
92000 41.6009
93000 42.554
94000 44.1099
95000 44.3322
96000 46.3086
97000 47.3934
98000 45.7758
99000 47.0419
100000 50.1563
101000 51.4098
102000 51.6165
103000 52.8538
104000 51.7153
105000 53.3182
106000 52.9177
107000 53.5574
108000 54.7928
109000 55.4375
110000 56.5876
111000 57.7493
112000 61.4844
113000 60.7434
114000 61.9422
115000 62.8906
116000 64.122
117000 64.6232
118000 65.5922
119000 66.7625
120000 67.7803
121000 68.7432
122000 70.0043
123000 71.2828
124000 73.9172
125000 74.1487
126000 77.0673
127000 78.4721
128000 79.8854
129000 80.9772
130000 82.383
131000 83.7739
132000 84.8521
133000 86.1621
134000 87.6974
135000 86.5287
136000 88.3126
137000 91.3138
138000 92.63
139000 91.5843
140000 93.0351
141000 94.5302
142000 95.6546
143000 98.1882
144000 99.7445
145000 99.53
146000 101.834
147000 103.249
148000 105.146
149000 106.734
150000 107.93
