2 14014
4 13296.5
6 13018.2
8 13013.2
10 13263.7
12 13517.1
14 13375.5
16 19732.7
18 42108.4
20 42253.4
22 41474.8
24 43038.4
26 43679.9
28 43535.4
30 48732.6
32 42428.7
34 42895.5
36 42133
38 45140.6
40 43641
42 44397.6
44 44472.7
46 45053.6
48 44183.5
50 44957.3
52 45113.4
54 44373.9
56 44893.4
58 44019.4
60 43433.2
62 44196.4
64 45264.6
66 45526.8
68 56859.1
70 45013.1
72 44872.1
74 47205.3
76 46242.2
78 46231.4
80 47158.6
82 46976.3
84 46821.5
86 46325.5
88 48079.6
90 55060
92 49006.9
94 48363.1
96 49905.9
98 48765.2
100 49634.6
102 50205.8
104 50064.1
106 50061.5
108 49702.3
110 50981.2
112 56759.4
114 51307
116 50885.8
118 51870
120 52008.3
122 52901
124 53508
126 54159.8
128 52925.4
130 55369.1
132 54240.9
134 54830.6
136 53830.2
138 56612.4
140 54644.1
142 56582.6
144 56442.9
146 56124.1
148 56190
150 55367.9
152 56774.6
154 56369.4
156 57510
158 56140.6
160 57522.9
162 58299.6
164 58431.4
166 57136.7
168 59616.6
170 58670.2
172 58175.9
174 59699.3
176 60408.9
178 59421.3
180 61269
182 61075.8
184 62418.2
186 61515.5
188 61513.1
190 61853.7
192 63150.2
194 62916.3
196 63698.7
198 64194.6
200 64233.9
202 64326.6
204 63812.6
206 64811.8
208 64927.3
210 64751.5
212 64709.5
214 64307.1
216 64496.7
218 64410.3
220 65465.9
222 65286.6
224 66164.3
226 66278.5
228 65254.2
230 67104.9
232 66606.3
234 66519.4
236 66916.7
238 67364.1
240 66039.1
242 66909.7
244 67446.5
246 68380.2
248 68285.7
250 69266.5
252 69556.4
254 70126
256 69995.9
258 69110.4
260 70131
262 71730.2
264 75533.5
266 69715.3
268 71337.7
270 71542.4
272 72540.1
274 71944
276 73398.9
278 72716.7
280 72450
282 72829.8
284 73994.6
286 74263.2
288 74163.8
290 73521.9
292 73795.8
294 74083.2
296 75546.5
298 74767.1
300 77695.9
302 77476.5
304 76138.2
306 81377
308 77021.4
310 76351.4
312 76950.4
314 76445
316 77594.3
318 77584.3
320 78106.4
322 79357.8
324 78446.3
326 82494.7
328 80302.3
330 80218.9
332 81770.9
334 86486.5
336 80920.6
338 83243.5
340 82692.9
342 81616.3
344 83239.4
346 82602.4
348 83248.5
350 83683.8
352 83391.6
354 82901.3
356 84538.3
358 84435.9
360 89700.8
362 86784.8
364 84411.6
366 85331.3
368 88854.5
370 86300.2
372 87199.1
374 86729.4
376 86702.6
378 87024.7
380 87048.8
382 87796.7
384 87973.6
386 92104.5
388 89060.4
390 91498.8
392 89131.4
394 89131.8
396 90822.1
398 95603.3
400 91038.6
402 90701.2
404 91511.6
406 92221.5
408 92009.6
410 92183.7
412 95583
414 93116.4
416 94072.1
418 93844.9
420 93860.2
422 94582.3
424 94146.4
426 94307.4
428 95096.3
430 95907.6
432 95727.1
434 95998.2
436 103278
438 98060.9
440 96703.1
442 99289.5
444 97017.1
446 98513.6
448 99562.6
450 102396
452 98563
454 104855
456 100697
458 99551
460 101270
462 103388
464 101777
466 102004
468 104306
470 102237
472 102724
474 103565
476 104515
478 104902
480 105616
482 103904
484 106456
486 106230
488 107333
490 106107
492 109330
494 107283
496 108378
498 106501
500 109522
502 108786
504 108455
506 109155
508 109047
510 108286
512 113610
514 110053
516 108376
518 109130
520 108542
522 107543
524 109365
526 110704
528 108829
530 108620
532 109359
534 108294
536 113122
538 107314
540 108008
542 108064
544 108397
546 108055
548 108794
550 107470
552 107863
554 108989
556 109121
558 111338
560 109036
562 108924
564 111017
566 112132
568 111465
570 111216
572 110362
574 112230
576 111345
578 112307
580 111227
582 111754
584 112231
586 112754
588 111425
590 112238
592 122089
594 121341
596 114473
598 114556
600 114349
602 116660
604 117473
606 117597
608 118594
610 118764
612 119165
614 119423
616 120307
618 122117
620 124608
622 126197
624 124807
626 124087
628 125234
630 124902
632 126247
634 126583
636 128152
638 127952
640 127682
642 128932
644 128650
646 129263
648 129918
650 130741
652 131262
654 134889
656 133995
658 134437
660 138594
662 135343
664 135024
666 136247
668 141276
670 138642
672 137600
674 138479
676 139364
678 141588
680 139817
682 140937
684 141946
686 141261
688 142644
690 142684
692 146042
694 149654
696 144504
698 146002
700 144708
702 146033
704 151587
706 146414
708 147111
710 148357
712 149256
714 154719
716 160376
718 155062
720 156765
722 149566
724 150804
726 150667
728 151929
730 151972
732 156770
734 156892
736 153423
738 155967
740 155688
742 154952
744 155188
746 155889
748 156620
750 163374
752 158033
754 158842
756 162223
758 158192
760 159354
762 164853
764 159566
766 161192
768 164480
770 162005
772 160305
774 159175
776 160530
778 161746
780 162480
782 162438
784 165070
786 163481
788 165043
790 163623
792 167428
794 165529
796 169598
798 166653
800 168226
802 167493
804 168265
806 170530
808 169143
810 171783
812 170747
814 178756
816 172299
818 175134
820 175671
822 174774
824 174978
826 173847
828 178359
830 175940
832 177092
834 177660
836 177759
838 180838
840 181783
842 179861
844 179860
846 181376
848 181862
850 184189
852 180986
854 183725
856 183234
858 183209
860 186278
862 186021
864 183821
866 185776
868 185336
870 186480
872 188715
874 188309
876 195127
878 188571
880 189122
882 189123
884 191415
886 188809
888 191897
890 191424
892 191924
894 191472
896 191481
898 192154
900 192427
902 195705
904 194235
906 195359
908 195249
910 197452
912 196531
914 199124
916 197866
918 204255
920 199867
922 199264
924 199369
926 199552
928 204523
930 199423
932 202837
934 200679
936 204443
938 213762
940 206418
942 204228
944 206063
946 213004
948 205564
950 206284
952 206747
954 206403
956 206614
958 208721
960 209229
962 207804
964 210120
966 209338
968 210326
970 210752
972 210916
974 219601
976 211418
978 211074
980 212372
982 212882
984 214768
986 213824
988 215523
990 214397
992 216921
994 213056
996 218856
998 216799
1000 217210
