2 17123.9
4 16232.4
6 16249.8
8 16714.5
10 16441
12 16145.8
14 16022.7
16 16056.7
18 16009.3
20 16102
22 15937.9
24 15969.7
26 15876.2
28 15820.7
30 16167.5
32 15809.1
34 15845.7
36 15744.6
38 15801.6
40 15792.3
42 16129.2
44 15750.3
46 15846.7
48 15790.7
50 15837.7
52 15845.9
54 15850.9
56 15981.3
58 15842.8
60 15765.6
62 15865.3
64 15805.5
66 15859
68 15765.6
70 15642.1
72 15890.2
74 15668.1
76 15682.2
78 15681.7
80 15690.4
82 15823.2
84 15669.4
86 15756.8
88 15896.3
90 15751.9
92 15682.2
94 15986.7
96 15728.2
98 15680.4
100 15684.6
102 15670.7
104 15606.5
106 15828.1
108 15677.1
110 15690.9
112 15770
114 15673.7
116 15740.3
118 16040.2
120 15698.1
122 15753.5
124 15733.5
126 15793.8
128 15680.2
130 15669.6
132 15676.6
134 15763
136 15926.8
138 15948.2
140 15874
142 15652.6
144 15748
146 15848.4
148 15724.1
150 15708
152 15710
154 15741.5
156 15731.3
158 15741.8
160 15719.2
162 15736.2
164 15717.3
166 15715.9
168 15751.2
170 15711.8
172 15696.8
174 15681.3
176 15774.3
178 15729.7
180 15726.6
182 15725.6
184 15696.9
186 15700.7
188 15912
190 15714.9
192 15893.4
194 15783.2
196 16033.3
198 15773.5
200 15910.2
202 15685.2
204 15679.5
206 15768.8
208 15825.5
210 15699.7
212 15642.8
214 15775.8
216 15732.6
218 15657.8
220 15720.3
222 15775.5
224 15682.7
226 15774
228 15708.2
230 15761.2
232 15793.3
234 15696.1
236 15670
238 15788.9
240 15802.8
242 15718.9
244 15718.2
246 15886.2
248 15838.2
250 15690.6
252 15664.7
254 15700.3
256 15736.4
258 15787.3
260 15584.4
262 15603
264 15656.7
266 15728.8
268 15753.3
270 15700.3
272 15830
274 16098.9
276 15836.1
278 15715.8
280 15714
282 15720.6
284 15666.1
286 15779
288 15781.7
290 15657.5
292 15699.7
294 15780.7
296 15690.4
298 15660
300 15681.3
302 15786.9
304 16030.7
306 15684.3
308 15725.4
310 15660.6
312 15688.4
314 15758.7
316 15927.6
318 15717.6
320 15764
322 15686.9
324 15956.3
326 15698.6
328 15759.6
330 15963.4
332 15750.6
334 15785.8
336 15782.9
338 15796.2
340 15729.3
342 15705.6
344 15717.2
346 15772.2
348 15722.7
350 15982.2
352 15817.6
354 16125.4
356 15639.4
358 15732.1
360 15820.8
362 15697.8
364 15694.4
366 15712
368 15711.9
370 15780
372 15648.9
374 15711
376 15700.7
378 15733.4
380 15642.8
382 15664.8
384 15772.1
386 15624.8
388 15721.1
390 16329.5
392 15707.8
394 15720.9
396 15645.1
398 15748.5
400 15659.5
402 15778.8
404 15819
406 15948.4
408 15789.5
410 15728
412 15778.3
414 15737.2
416 15748.8
418 15680.7
420 15836.2
422 15807.7
424 15816
426 15717
428 15835.6
430 15721.4
432 15716
434 15759.2
436 15675.1
438 15706.4
440 15626
442 15826.5
444 15754.8
446 15824.4
448 15786
450 15727.3
452 15971.1
454 15789.1
456 15773.4
458 15655.3
460 15681
462 15712.8
464 15698.2
466 16053.2
468 15884.9
470 15995.9
472 15977.1
474 15754
476 15786.6
478 15672.1
480 15755.8
482 15776.5
484 15717.3
486 15765.8
488 15799.5
490 15828.8
492 15740.3
494 15751.1
496 15713.8
498 15690.6
500 15739.8
502 16112.8
504 15883.2
506 16076.2
508 16125.2
510 15748
512 15816.2
514 15714.7
516 15743.3
518 15787.3
520 15869.1
522 15999.1
524 15721.3
526 15778.2
528 15744.4
530 15877.5
532 16019.1
534 15830.9
536 15667.7
538 15672
540 15832
542 15745.7
544 15666.7
546 15925.1
548 15848
550 15738.1
552 15800
554 15720.8
556 15810.2
558 15778.5
560 15754
562 15821.5
564 16205.1
566 15752.8
568 15753.7
570 15788.3
572 15792.8
574 15739
576 15784.8
578 15973.7
580 15813.8
582 15776.8
584 15763.4
586 15840.5
588 15826.8
590 15905.7
592 15821.6
594 15746.1
596 15736.2
598 15958.3
600 15690.7
602 15731.2
604 15717.9
606 15779.4
608 15727.9
610 15736.7
612 15745.9
614 16012.4
616 15784.1
618 15733.2
620 15971.1
622 15883
624 15827
626 15773.1
628 15732
630 15822.6
632 16106.9
634 15875.9
636 16019.9
638 15772.5
640 15771.2
642 15698.6
644 15774.5
646 15795.1
648 15775.3
650 15792.9
652 15798.9
654 16146.4
656 15943.4
658 15791.2
660 15791.6
662 15753.5
664 16077.5
666 15755.9
668 15765
670 15832.8
672 15868.7
674 15673.6
676 15739.3
678 15698.1
680 15698
682 16042.9
684 15792
686 15793.3
688 15928.8
690 15818.3
692 15755.7
694 15863.9
696 15799
698 15756.2
700 15943.6
702 15701.8
704 15842.2
706 15674.9
708 15829.9
710 16250.4
712 15709.8
714 15845
716 15683.8
718 15733.1
720 16037.4
722 15886.8
724 15815.5
726 15751.2
728 15758.8
730 15791.6
732 15897.8
734 15984.3
736 16053.4
738 15800.7
740 15804.6
742 15838.4
744 15903.7
746 16208.1
748 15845.1
750 15740.5
752 15765
754 16486.9
756 15801.8
758 15849.2
760 15882
762 15734.4
764 16069.5
766 15724.2
768 15947.1
770 15708.3
772 15760
774 15729.2
776 15884.7
778 15738.9
780 15743.1
782 16218.3
784 15822.2
786 15720.2
788 15767.6
790 15873.9
792 15691
794 16107.7
796 15733
798 15827
800 15776.9
802 15841.5
804 16051.3
806 15936.3
808 15900
810 16104.2
812 16298.9
814 15845.4
816 16006.1
818 15973.1
820 16050.1
822 15908.6
824 16458
826 15895.1
828 16186.1
830 16026.3
832 15782
834 15877.4
836 16306.3
838 15769
840 15811.5
842 16170.7
844 15801.9
846 15846.7
848 16273.5
850 16201.7
852 15792
854 15987.6
856 15822.4
858 15814.2
860 15881.1
862 16108.4
864 15780.5
866 15715.8
868 16018.7
870 15949
872 15783.9
874 15952.2
876 15831.2
878 15890.5
880 15799.7
882 15758.3
884 15747.6
886 15887.7
888 15726.3
890 15660.7
892 15903.5
894 15802.6
896 15775.7
898 15829.8
900 15846
902 15969.6
904 15756.5
906 15828.1
908 15867
910 15819
912 15757.5
914 15916.2
916 16184.5
918 15832.8
920 15768.6
922 15782.6
924 15812.4
926 15898.4
928 15787.7
930 15753.4
932 15832.2
934 15777.9
936 15918.7
938 15731.4
940 15803.3
942 15906.9
944 16364.6
946 15948.1
948 16054.6
950 15921.9
952 15819.1
954 16155.6
956 15812.6
958 16025.5
960 15747.7
962 15665
964 15748.1
966 15757.4
968 15809.8
970 15807.9
972 15766.3
974 15746.4
976 15929.4
978 15773.8
980 15827
982 15875.2
984 15801.2
986 16083.5
988 15895.9
990 15804
992 15822.5
994 15820.1
996 15865.1
998 16677.1
1000 15871.5
